Data taken from: https://vizier.u-strasbg.fr/viz-bin/VizieR-4
Full	Band	tmid(s)	texp/2(s)	mag	e_mag	flux(Jy)
1	BV_RINGO3	202.5	1.2	14.33	0.06	6.6e-03	4e-04
2	BV_RINGO3	204.8	1.2	14.36	0.06	6.5e-03	4e-04
3	BV_RINGO3	207.2	1.2	14.32	0.06	6.7e-03	4e-04
4	BV_RINGO3	209.5	1.2	14.36	0.06	6.5e-03	4e-04
5	BV_RINGO3	211.9	1.2	14.38	0.06	6.4e-03	4e-04
6	BV_RINGO3	214.2	1.2	14.41	0.06	6.2e-03	4e-04
7	BV_RINGO3	216.6	1.2	14.45	0.06	6.0e-03	3e-04
8	BV_RINGO3	218.9	1.2	14.46	0.06	5.9e-03	3e-04
9	BV_RINGO3	221.3	1.2	14.44	0.06	6.0e-03	3e-04
10	BV_RINGO3	223.6	1.2	14.48	0.06	5.8e-03	3e-04
11	BV_RINGO3	225.9	1.2	14.53	0.06	5.5e-03	3e-04
12	BV_RINGO3	228.3	1.2	14.51	0.06	5.6e-03	3e-04
13	BV_RINGO3	230.7	1.2	14.54	0.06	5.5e-03	3e-04
14	BV_RINGO3	233.0	1.2	14.59	0.06	5.2e-03	3e-04
15	BV_RINGO3	235.3	1.2	14.56	0.06	5.4e-03	3e-04
16	BV_RINGO3	237.7	1.2	14.56	0.06	5.4e-03	3e-04
17	BV_RINGO3	240.0	1.2	14.60	0.06	5.2e-03	3e-04
18	BV_RINGO3	242.4	1.2	14.60	0.06	5.2e-03	3e-04
19	BV_RINGO3	244.7	1.2	14.60	0.06	5.2e-03	3e-04
20	BV_RINGO3	247.1	1.2	14.62	0.06	5.1e-03	3e-04
21	BV_RINGO3	249.4	1.2	14.65	0.06	5.0e-03	3e-04
22	BV_RINGO3	251.8	1.2	14.65	0.06	4.9e-03	3e-04
23	BV_RINGO3	254.1	1.2	14.69	0.06	4.8e-03	3e-04
24	BV_RINGO3	256.4	1.2	14.67	0.06	4.9e-03	3e-04
25	BV_RINGO3	258.8	1.2	14.74	0.06	4.6e-03	3e-04
26	BV_RINGO3	261.1	1.2	14.78	0.07	4.4e-03	3e-04
27	BV_RINGO3	263.5	1.2	14.75	0.06	4.5e-03	3e-04
28	BV_RINGO3	265.8	1.2	14.74	0.06	4.6e-03	3e-04
29	BV_RINGO3	268.2	1.2	14.78	0.07	4.4e-03	3e-04
30	BV_RINGO3	270.5	1.2	14.73	0.06	4.6e-03	3e-04
31	BV_RINGO3	272.9	1.2	14.78	0.07	4.4e-03	3e-04
32	BV_RINGO3	276.4	2.4	14.80	0.06	4.3e-03	3e-04
33	BV_RINGO3	279.9	1.2	14.79	0.07	4.4e-03	3e-04
34	BV_RINGO3	282.2	1.2	14.87	0.07	4.1e-03	2e-04
35	BV_RINGO3	284.6	1.2	14.93	0.07	3.8e-03	2e-04
36	BV_RINGO3	286.9	1.2	14.88	0.07	4.0e-03	2e-04
37	BV_RINGO3	289.3	1.2	14.90	0.07	3.9e-03	2e-04
38	BV_RINGO3	291.6	1.2	14.96	0.07	3.7e-03	2e-04
39	BV_RINGO3	294.0	1.2	14.94	0.07	3.8e-03	2e-04
40	BV_RINGO3	296.3	1.2	14.97	0.07	3.7e-03	2e-04
41	BV_RINGO3	298.7	1.2	14.99	0.07	3.6e-03	2e-04
42	BV_RINGO3	302.2	2.4	14.97	0.06	3.7e-03	2e-04
43	BV_RINGO3	305.7	1.2	15.02	0.07	3.5e-03	2e-04
44	BV_RINGO3	308.1	1.2	14.98	0.07	3.7e-03	2e-04
45	BV_RINGO3	310.4	1.2	15.04	0.07	3.5e-03	2e-04
46	BV_RINGO3	312.8	1.2	15.06	0.07	3.4e-03	2e-04
47	BV_RINGO3	315.1	1.2	15.03	0.07	3.5e-03	2e-04
48	BV_RINGO3	317.4	1.2	15.10	0.07	3.3e-03	2e-04
49	BV_RINGO3	319.8	1.2	15.09	0.07	3.3e-03	2e-04
50	BV_RINGO3	322.1	1.2	15.13	0.07	3.2e-03	2e-04
51	BV_RINGO3	324.5	1.2	15.09	0.07	3.3e-03	2e-04
52	BV_RINGO3	326.8	1.2	15.11	0.07	3.2e-03	2e-04
53	BV_RINGO3	329.2	1.2	15.18	0.07	3.1e-03	2e-04
54	BV_RINGO3	331.5	1.2	15.13	0.07	3.2e-03	2e-04
55	BV_RINGO3	333.9	1.2	15.12	0.07	3.2e-03	2e-04
56	BV_RINGO3	336.2	1.2	15.13	0.07	3.2e-03	2e-04
57	BV_RINGO3	338.6	1.2	15.15	0.07	3.1e-03	2e-04
58	BV_RINGO3	340.9	1.2	15.16	0.07	3.1e-03	2e-04
59	BV_RINGO3	343.2	1.2	15.24	0.07	2.9e-03	2e-04
60	BV_RINGO3	345.6	1.2	15.12	0.07	3.2e-03	2e-04
61	BV_RINGO3	347.9	1.2	15.26	0.07	2.8e-03	2e-04
62	BV_RINGO3	350.3	1.2	15.25	0.07	2.9e-03	2e-04
63	BV_RINGO3	352.6	1.2	15.19	0.07	3.0e-03	2e-04
64	BV_RINGO3	355.0	1.2	15.24	0.07	2.9e-03	2e-04
65	BV_RINGO3	357.3	1.2	15.16	0.07	3.1e-03	2e-04
66	BV_RINGO3	359.7	1.2	15.23	0.07	2.9e-03	2e-04
67	BV_RINGO3	362.0	1.2	15.18	0.07	3.0e-03	2e-04
68	BV_RINGO3	364.4	1.2	15.22	0.07	2.9e-03	2e-04
69	BV_RINGO3	366.7	1.2	15.20	0.07	3.0e-03	2e-04
70	BV_RINGO3	369.1	1.2	15.31	0.07	2.7e-03	2e-04
71	BV_RINGO3	371.4	1.2	15.25	0.07	2.8e-03	2e-04
72	BV_RINGO3	373.7	1.2	15.29	0.07	2.8e-03	2e-04
73	BV_RINGO3	376.1	1.2	15.32	0.07	2.7e-03	2e-04
74	BV_RINGO3	378.4	1.2	15.30	0.07	2.7e-03	2e-04
75	BV_RINGO3	380.8	1.2	15.42	0.07	2.4e-03	2e-04
76	BV_RINGO3	383.1	1.2	15.36	0.07	2.6e-03	2e-04
77	BV_RINGO3	385.5	1.2	15.44	0.07	2.4e-03	2e-04
78	BV_RINGO3	387.8	1.2	15.30	0.07	2.7e-03	2e-04
79	BV_RINGO3	390.2	1.2	15.36	0.07	2.6e-03	2e-04
80	BV_RINGO3	392.5	1.2	15.37	0.07	2.6e-03	2e-04
81	BV_RINGO3	394.9	1.2	15.44	0.07	2.4e-03	2e-04
82	BV_RINGO3	397.2	1.2	15.46	0.07	2.3e-03	2e-04
83	BV_RINGO3	399.6	1.2	15.42	0.07	2.5e-03	2e-04
84	BV_RINGO3	401.9	1.2	15.43	0.07	2.4e-03	2e-04
85	BV_RINGO3	404.2	1.2	15.47	0.07	2.3e-03	2e-04
86	BV_RINGO3	406.6	1.2	15.52	0.07	2.2e-03	2e-04
87	BV_RINGO3	408.9	1.2	15.52	0.07	2.2e-03	2e-04
88	BV_RINGO3	411.3	1.2	15.49	0.07	2.3e-03	2e-04
89	BV_RINGO3	413.6	1.2	15.49	0.07	2.3e-03	2e-04
90	BV_RINGO3	416.0	1.2	15.47	0.07	2.3e-03	2e-04
91	BV_RINGO3	418.3	1.2	15.56	0.07	2.1e-03	2e-04
92	BV_RINGO3	420.7	1.2	15.45	0.07	2.4e-03	2e-04
93	BV_RINGO3	423.0	1.2	15.50	0.07	2.3e-03	2e-04
94	BV_RINGO3	425.4	1.2	15.52	0.07	2.2e-03	2e-04
95	BV_RINGO3	428.9	2.4	15.49	0.07	2.3e-03	1e-04
96	BV_RINGO3	432.4	1.2	15.47	0.07	2.3e-03	2e-04
97	BV_RINGO3	434.7	1.2	15.50	0.07	2.3e-03	2e-04
98	BV_RINGO3	437.1	1.2	15.52	0.07	2.2e-03	2e-04
99	BV_RINGO3	439.4	1.2	15.63	0.07	2.0e-03	1e-04
100	BV_RINGO3	441.8	1.2	15.50	0.07	2.3e-03	2e-04
101	BV_RINGO3	444.1	1.2	15.50	0.07	2.3e-03	2e-04
102	BV_RINGO3	446.5	1.2	15.53	0.07	2.2e-03	2e-04
103	BV_RINGO3	448.8	1.2	15.66	0.08	2.0e-03	1e-04
104	BV_RINGO3	451.2	1.2	15.62	0.07	2.0e-03	1e-04
105	BV_RINGO3	453.5	1.2	15.58	0.07	2.1e-03	1e-04
106	BV_RINGO3	455.9	1.2	15.62	0.07	2.0e-03	1e-04
107	BV_RINGO3	458.2	1.2	15.64	0.07	2.0e-03	1e-04
108	BV_RINGO3	460.5	1.2	15.63	0.07	2.0e-03	1e-04
109	BV_RINGO3	462.9	1.2	15.68	0.08	1.9e-03	1e-04
110	BV_RINGO3	465.2	1.2	15.61	0.07	2.1e-03	1e-04
111	BV_RINGO3	467.6	1.2	15.65	0.07	2.0e-03	1e-04
112	BV_RINGO3	469.9	1.2	15.60	0.07	2.1e-03	1e-04
113	BV_RINGO3	472.3	1.2	15.62	0.07	2.0e-03	1e-04
114	BV_RINGO3	474.6	1.2	15.68	0.08	1.9e-03	1e-04
115	BV_RINGO3	477.0	1.2	15.67	0.08	1.9e-03	1e-04
116	BV_RINGO3	479.3	1.2	15.67	0.08	1.9e-03	1e-04
117	BV_RINGO3	481.6	1.2	15.71	0.08	1.9e-03	1e-04
118	BV_RINGO3	484.0	1.2	15.70	0.08	1.9e-03	1e-04
119	BV_RINGO3	486.3	1.2	15.69	0.08	1.9e-03	1e-04
120	BV_RINGO3	488.7	1.2	15.76	0.08	1.8e-03	1e-04
121	BV_RINGO3	494.5	4.7	15.77	0.07	1.8e-03	1e-04
122	BV_RINGO3	500.4	1.2	15.69	0.08	1.9e-03	1e-04
123	BV_RINGO3	502.7	1.2	15.72	0.08	1.9e-03	1e-04
124	BV_RINGO3	505.1	1.2	15.79	0.08	1.7e-03	1e-04
125	BV_RINGO3	507.4	1.2	15.72	0.08	1.9e-03	1e-04
126	BV_RINGO3	509.8	1.2	15.74	0.08	1.8e-03	1e-04
127	BV_RINGO3	512.1	1.2	15.77	0.08	1.8e-03	1e-04
128	BV_RINGO3	514.5	1.2	15.70	0.08	1.9e-03	1e-04
129	BV_RINGO3	516.8	1.2	15.73	0.08	1.8e-03	1e-04
130	BV_RINGO3	519.2	1.2	15.66	0.08	1.9e-03	1e-04
131	BV_RINGO3	521.5	1.2	15.80	0.08	1.7e-03	1e-04
132	BV_RINGO3	523.9	1.2	15.82	0.08	1.7e-03	1e-04
133	BV_RINGO3	526.2	1.2	15.73	0.08	1.8e-03	1e-04
134	BV_RINGO3	528.6	1.2	15.71	0.08	1.9e-03	1e-04
135	BV_RINGO3	530.9	1.2	15.76	0.08	1.8e-03	1e-04
136	BV_RINGO3	533.3	1.2	15.67	0.08	1.9e-03	1e-04
137	BV_RINGO3	535.6	1.2	15.81	0.08	1.7e-03	1e-04
138	BV_RINGO3	538.0	1.2	15.80	0.08	1.7e-03	1e-04
139	BV_RINGO3	540.3	1.2	15.75	0.08	1.8e-03	1e-04
140	BV_RINGO3	542.6	1.2	15.76	0.08	1.8e-03	1e-04
141	BV_RINGO3	545.0	1.2	15.78	0.08	1.8e-03	1e-04
142	BV_RINGO3	547.3	1.2	15.78	0.08	1.8e-03	1e-04
143	BV_RINGO3	549.7	1.2	15.76	0.08	1.8e-03	1e-04
144	BV_RINGO3	552.0	1.2	15.73	0.08	1.8e-03	1e-04
145	BV_RINGO3	554.4	1.2	15.72	0.08	1.8e-03	1e-04
146	BV_RINGO3	556.7	1.2	15.77	0.08	1.8e-03	1e-04
147	BV_RINGO3	559.1	1.2	15.81	0.08	1.7e-03	1e-04
148	BV_RINGO3	561.4	1.2	15.80	0.08	1.7e-03	1e-04
149	BV_RINGO3	563.8	1.2	15.73	0.08	1.8e-03	1e-04
150	BV_RINGO3	566.1	1.2	15.76	0.08	1.8e-03	1e-04
151	BV_RINGO3	568.4	1.2	15.75	0.08	1.8e-03	1e-04
152	BV_RINGO3	570.8	1.2	15.82	0.08	1.7e-03	1e-04
153	BV_RINGO3	573.1	1.2	15.73	0.08	1.8e-03	1e-04
154	BV_RINGO3	575.5	1.2	15.79	0.08	1.7e-03	1e-04
155	BV_RINGO3	577.8	1.2	15.75	0.08	1.8e-03	1e-04
156	BV_RINGO3	580.2	1.2	15.82	0.08	1.7e-03	1e-04
157	BV_RINGO3	582.5	1.2	15.81	0.08	1.7e-03	1e-04
158	BV_RINGO3	584.9	1.2	15.77	0.08	1.8e-03	1e-04
159	BV_RINGO3	588.4	2.4	15.88	0.07	1.6e-03	1e-04
160	BV_RINGO3	593.1	2.4	15.88	0.07	1.6e-03	1e-04
161	BV_RINGO3	596.6	1.2	15.78	0.08	1.8e-03	1e-04
162	BV_RINGO3	600.1	2.4	15.95	0.07	1.5e-03	1e-04
163	BV_RINGO3	604.8	2.4	15.93	0.07	1.5e-03	1e-04
164	BV_RINGO3	609.5	2.4	15.91	0.07	1.6e-03	1e-04
165	BV_RINGO3	614.2	2.4	15.92	0.07	1.5e-03	1e-04
166	BV_RINGO3	618.9	2.4	15.89	0.07	1.6e-03	1e-04
167	BV_RINGO3	623.6	2.4	15.96	0.07	1.5e-03	1e-04
168	BV_RINGO3	629.4	3.5	15.99	0.07	1.4e-03	9e-05
169	BV_RINGO3	635.3	2.4	15.92	0.07	1.5e-03	1e-04
170	BV_RINGO3	640.0	2.4	15.92	0.07	1.5e-03	1e-04
171	BV_RINGO3	644.7	2.4	15.94	0.07	1.5e-03	1e-04
172	BV_RINGO3	649.4	2.4	15.92	0.07	1.5e-03	1e-04
173	BV_RINGO3	654.1	2.4	15.94	0.07	1.5e-03	1e-04
174	BV_RINGO3	658.8	2.4	16.11	0.08	1.3e-03	9e-05
175	BV_RINGO3	663.4	2.4	15.94	0.07	1.5e-03	1e-04
176	BV_RINGO3	668.1	2.4	15.86	0.07	1.6e-03	1e-04
177	BV_RINGO3	672.8	2.4	15.94	0.07	1.5e-03	1e-04
178	BV_RINGO3	677.5	2.4	16.02	0.07	1.4e-03	1e-04
179	BV_RINGO3	682.2	2.4	16.09	0.08	1.3e-03	9e-05
180	BV_RINGO3	686.9	2.4	15.94	0.07	1.5e-03	1e-04
181	BV_RINGO3	691.6	2.4	16.00	0.07	1.4e-03	1e-04
182	BV_RINGO3	696.3	2.4	16.12	0.08	1.3e-03	9e-05
183	BV_RINGO3	701.0	2.4	16.00	0.07	1.4e-03	1e-04
184	BV_RINGO3	704.5	1.2	15.78	0.08	1.8e-03	1e-04
185	BV_RINGO3	708.0	2.4	16.07	0.08	1.3e-03	9e-05
186	BV_RINGO3	712.7	2.4	16.03	0.07	1.4e-03	1e-04
187	BV_RINGO3	717.4	2.4	16.15	0.08	1.2e-03	9e-05
188	BV_RINGO3	722.1	2.4	16.09	0.08	1.3e-03	9e-05
189	BV_RINGO3	726.8	2.4	16.10	0.08	1.3e-03	9e-05
190	BV_RINGO3	731.5	2.4	16.10	0.08	1.3e-03	9e-05
191	BV_RINGO3	736.2	2.4	16.02	0.08	1.4e-03	1e-04
192	BV_RINGO3	740.9	2.4	16.05	0.08	1.4e-03	1e-04
193	BV_RINGO3	745.5	2.4	16.12	0.08	1.3e-03	9e-05
194	BV_RINGO3	750.2	2.4	16.14	0.08	1.3e-03	9e-05
195	BV_RINGO3	754.9	2.4	16.09	0.08	1.3e-03	9e-05
196	BV_RINGO3	759.6	2.4	16.14	0.08	1.3e-03	9e-05
197	BV_RINGO3	764.3	2.4	16.14	0.08	1.3e-03	9e-05
198	BV_RINGO3	769.0	2.4	16.09	0.08	1.3e-03	9e-05
199	BV_RINGO3	773.7	2.4	16.16	0.08	1.2e-03	9e-05
200	BV_RINGO3	778.4	2.4	16.18	0.08	1.2e-03	9e-05
201	BV_RINGO3	783.1	2.4	16.16	0.08	1.2e-03	9e-05
202	BV_RINGO3	787.8	2.4	16.15	0.08	1.2e-03	9e-05
203	BV_RINGO3	793.6	3.5	16.24	0.07	1.1e-03	8e-05
204	BV_RINGO3	820.6	2.4	16.21	0.08	1.2e-03	9e-05
205	BV_RINGO3	825.3	2.4	16.21	0.08	1.2e-03	9e-05
206	BV_RINGO3	833.5	5.9	16.29	0.07	1.1e-03	7e-05
207	BV_RINGO3	842.9	3.5	16.39	0.08	1.0e-03	7e-05
208	BV_RINGO3	849.9	3.5	16.31	0.08	1.1e-03	8e-05
209	BV_RINGO3	857.0	3.5	16.33	0.08	1.0e-03	7e-05
210	BV_RINGO3	862.8	2.4	16.22	0.08	1.2e-03	9e-05
211	BV_RINGO3	868.7	3.5	16.36	0.08	1.0e-03	7e-05
212	BV_RINGO3	875.7	3.5	16.32	0.08	1.1e-03	8e-05
213	BV_RINGO3	882.8	3.5	16.34	0.08	1.0e-03	7e-05
214	BV_RINGO3	888.6	2.4	16.20	0.08	1.2e-03	9e-05
215	BV_RINGO3	893.3	2.4	16.25	0.08	1.1e-03	8e-05
216	BV_RINGO3	899.2	3.5	16.44	0.08	9.5e-04	7e-05
217	BV_RINGO3	906.2	3.5	16.36	0.08	1.0e-03	7e-05
218	BV_RINGO3	913.3	3.5	16.35	0.08	1.0e-03	7e-05
219	BV_RINGO3	920.3	3.5	16.37	0.08	1.0e-03	7e-05
220	BV_RINGO3	927.3	3.5	16.35	0.08	1.0e-03	7e-05
221	BV_RINGO3	934.4	3.5	16.41	0.08	9.8e-04	7e-05
222	BV_RINGO3	941.4	3.5	16.46	0.08	9.4e-04	7e-05
223	BV_RINGO3	948.4	3.5	16.37	0.08	1.0e-03	7e-05
224	BV_RINGO3	955.5	3.5	16.37	0.08	1.0e-03	7e-05
225	BV_RINGO3	962.5	3.5	16.40	0.08	9.9e-04	7e-05
226	BV_RINGO3	969.6	3.5	16.32	0.08	1.1e-03	8e-05
227	BV_RINGO3	976.6	3.5	16.38	0.08	1.0e-03	7e-05
228	BV_RINGO3	983.6	3.5	16.38	0.08	1.0e-03	7e-05
229	BV_RINGO3	990.7	3.5	16.41	0.08	9.8e-04	7e-05
230	BV_RINGO3	998.9	4.7	16.43	0.08	9.6e-04	7e-05
231	BV_RINGO3	1007.1	3.5	16.37	0.08	1.0e-03	7e-05
232	BV_RINGO3	1014.1	3.5	16.37	0.08	1.0e-03	7e-05
233	BV_RINGO3	1020.0	2.4	16.24	0.08	1.2e-03	8e-05
234	BV_RINGO3	1025.9	3.5	16.43	0.08	9.7e-04	7e-05
235	BV_RINGO3	1032.9	3.5	16.32	0.08	1.1e-03	7e-05
236	BV_RINGO3	1039.9	3.5	16.46	0.08	9.4e-04	7e-05
237	BV_RINGO3	1047.0	3.5	16.39	0.08	1.0e-03	7e-05
238	BV_RINGO3	1054.0	3.5	16.43	0.08	9.7e-04	7e-05
239	BV_RINGO3	1061.0	3.5	16.37	0.08	1.0e-03	7e-05
240	BV_RINGO3	1068.1	3.5	16.37	0.08	1.0e-03	7e-05
241	BV_RINGO3	1075.1	3.5	16.43	0.08	9.6e-04	7e-05
242	BV_RINGO3	1083.3	4.7	16.47	0.08	9.3e-04	7e-05
243	BV_RINGO3	1091.5	3.5	16.42	0.08	9.7e-04	7e-05
244	BV_RINGO3	1099.8	4.7	16.48	0.08	9.2e-04	7e-05
245	BV_RINGO3	1108.0	3.5	16.39	0.08	1.0e-03	7e-05
246	BV_RINGO3	1116.2	4.7	16.51	0.08	9.0e-04	6e-05
247	BV_RINGO3	1125.5	4.7	16.46	0.08	9.4e-04	7e-05
248	BV_RINGO3	1133.8	3.5	16.42	0.08	9.7e-04	7e-05
249	BV_RINGO3	1140.8	3.5	16.39	0.08	1.0e-03	7e-05
250	BV_RINGO3	1149.0	4.7	16.57	0.08	8.4e-04	6e-05
251	BV_RINGO3	1158.4	4.7	16.52	0.08	8.8e-04	6e-05
252	BV_RINGO3	1168.9	5.9	16.65	0.08	7.9e-04	6e-05
253	BV_RINGO3	1179.5	4.7	16.58	0.08	8.4e-04	6e-05
254	BV_RINGO3	1188.9	4.7	16.64	0.08	7.9e-04	6e-05
255	BV_RINGO3	1199.4	5.9	16.64	0.08	7.9e-04	6e-05
256	BV_RINGO3	1210.0	4.7	16.52	0.08	8.9e-04	6e-05
257	BV_RINGO3	1219.4	4.7	16.64	0.08	7.9e-04	6e-05
258	BV_RINGO3	1228.8	4.7	16.64	0.08	7.9e-04	6e-05
259	BV_RINGO3	1239.3	5.9	16.76	0.08	7.1e-04	5e-05
260	BV_RINGO3	1251.0	5.9	16.73	0.08	7.3e-04	5e-05
261	BV_RINGO3	1261.6	4.7	16.65	0.08	7.9e-04	6e-05
262	BV_RINGO3	1272.2	5.9	16.70	0.08	7.5e-04	5e-05
263	BV_RINGO3	1283.9	5.9	16.79	0.08	6.9e-04	5e-05
264	BV_RINGO3	1295.6	5.9	16.75	0.08	7.2e-04	5e-05
265	BV_RINGO3	1307.3	5.9	16.73	0.08	7.3e-04	5e-05
266	BV_RINGO3	1320.2	7.0	16.67	0.07	7.7e-04	5e-05
267	BV_RINGO3	1333.1	5.9	16.72	0.08	7.3e-04	5e-05
268	BV_RINGO3	1344.9	5.9	16.69	0.08	7.6e-04	6e-05
269	BV_RINGO3	1357.8	7.0	16.77	0.08	7.0e-04	5e-05
270	BV_RINGO3	1370.7	5.9	16.74	0.08	7.2e-04	5e-05
271	BV_RINGO3	1383.6	7.0	16.75	0.08	7.1e-04	5e-05
272	BV_RINGO3	1402.3	11.7	16.73	0.07	7.3e-04	5e-05
273	BV_RINGO3	1441.0	5.9	16.66	0.08	7.8e-04	6e-05
274	BV_RINGO3	1452.8	5.9	16.67	0.08	7.7e-04	6e-05
275	BV_RINGO3	1463.3	4.7	16.62	0.08	8.1e-04	6e-05
276	BV_RINGO3	1475.0	7.0	16.72	0.08	7.4e-04	5e-05
277	BV_RINGO3	1487.9	5.9	16.74	0.08	7.2e-04	5e-05
278	BV_RINGO3	1502.0	8.2	16.85	0.08	6.5e-04	5e-05
279	BV_RINGO3	1516.1	5.9	16.74	0.08	7.2e-04	5e-05
280	BV_RINGO3	1529.0	7.0	16.84	0.08	6.6e-04	5e-05
281	BV_RINGO3	1541.9	5.9	16.73	0.08	7.3e-04	5e-05
282	BV_RINGO3	1556.0	8.2	16.90	0.08	6.3e-04	5e-05
283	BV_RINGO3	1571.2	7.0	16.83	0.08	6.7e-04	5e-05
284	BV_RINGO3	1585.3	7.0	16.82	0.08	6.7e-04	5e-05
285	BV_RINGO3	1600.5	8.2	16.94	0.08	6.0e-04	5e-05
286	BV_RINGO3	1615.8	7.0	16.86	0.08	6.5e-04	5e-05
287	BV_RINGO3	1629.8	7.0	16.86	0.08	6.5e-04	5e-05
288	BV_RINGO3	1645.1	8.2	16.95	0.08	5.9e-04	4e-05
289	BV_RINGO3	1660.3	7.0	16.84	0.08	6.6e-04	5e-05
290	BV_RINGO3	1675.6	8.2	16.94	0.08	6.0e-04	4e-05
291	BV_RINGO3	1693.2	9.4	17.03	0.08	5.5e-04	4e-05
292	BV_RINGO3	1711.9	9.4	16.99	0.08	5.8e-04	4e-05
293	BV_RINGO3	1730.7	9.4	16.98	0.08	5.8e-04	4e-05
294	BV_RINGO3	1748.3	8.2	16.96	0.08	5.9e-04	4e-05
295	BV_RINGO3	1768.2	11.7	17.06	0.08	5.4e-04	4e-05
296	BV_RINGO3	1787.0	7.0	16.85	0.08	6.5e-04	5e-05
297	BV_RINGO3	1802.2	8.2	16.93	0.08	6.1e-04	5e-05
298	BV_RINGO3	1822.2	11.7	17.05	0.08	5.4e-04	4e-05
299	BV_RINGO3	1844.5	10.6	16.92	0.08	6.2e-04	4e-05
300	BV_RINGO3	1864.4	9.4	17.00	0.08	5.7e-04	4e-05
301	BV_RINGO3	1883.2	9.4	17.00	0.08	5.7e-04	4e-05
302	BV_RINGO3	1903.1	10.6	17.06	0.08	5.4e-04	4e-05
303	BV_RINGO3	1924.2	10.6	17.05	0.08	5.4e-04	4e-05
304	BV_RINGO3	1945.3	10.6	17.03	0.08	5.5e-04	4e-05
305	BV_RINGO3	1966.4	10.6	17.04	0.08	5.5e-04	4e-05
306	BV_RINGO3	1987.5	10.6	17.06	0.08	5.4e-04	4e-05
307	BV_RINGO3	2014.5	16.4	17.14	0.07	5.0e-04	4e-05
308	BV_RINGO3	2357.1	30.5	17.40	0.07	3.9e-04	3e-05
309	BV_RINGO3	2418.1	30.5	17.50	0.07	3.6e-04	2e-05
310	BV_RINGO3	2508.4	59.8	17.64	0.07	3.2e-04	2e-05
311	BV_RINGO3	2598.6	29.3	17.70	0.08	3.0e-04	2e-05
312	BV_RINGO3	2657.4	30.5	17.57	0.08	3.3e-04	2e-05
313	BV_RINGO3	2718.3	30.5	17.58	0.08	3.3e-04	2e-05
314	BV_RINGO3	2779.2	29.3	17.58	0.08	3.3e-04	2e-05
315	BV_RINGO3	2838.0	30.5	17.61	0.08	3.3e-04	2e-05
316	BV_RINGO3	2936.5	57.0	17.82	0.07	2.7e-04	2e-05
317	BV_RINGO3	3035.0	30.5	17.69	0.08	3.0e-04	2e-05
318	BV_RINGO3	3125.3	59.8	17.79	0.07	2.8e-04	2e-05
319	BV_RINGO3	3244.9	59.8	17.74	0.07	2.9e-04	2e-05
320	BV_RINGO3	3365.6	59.8	17.90	0.08	2.5e-04	2e-05
321	BV_RINGO3	3484.8	57.3	17.93	0.08	2.4e-04	2e-05
322	BV_RINGO3	3680.0	61.0	17.93	0.08	2.4e-04	2e-05
323	BV_RINGO3	3800.8	59.8	17.98	0.08	2.3e-04	2e-05
324	BV_RINGO3	3920.4	59.8	17.99	0.08	2.3e-04	2e-05
325	BV_RINGO3	4041.1	59.8	18.04	0.08	2.2e-04	2e-05
326	BV_RINGO3	4160.3	57.2	17.98	0.08	2.3e-04	2e-05
327	BV_RINGO3	4327.2	90.3	18.15	0.08	2.0e-04	1e-05
328	BV_RINGO3	4567.4	150.1	18.26	0.07	1.8e-04	1e-05
329	BV_RINGO3	4846.9	118.3	18.31	0.08	1.7e-04	1e-05
330	BV_RINGO3	5096.7	119.6	18.35	0.08	1.6e-04	1e-05
331	BV_RINGO3	5307.0	90.3	18.19	0.08	1.9e-04	1e-05
332	BV_RINGO3	5558.2	147.2	18.36	0.08	1.6e-04	1e-05
333	BV_RINGO3	5890.9	177.8	18.44	0.08	1.5e-04	1e-05
334	BV_RINGO3	6237.7	150.1	18.35	0.08	1.6e-04	1e-05
335	r_MASTERVWF_SAAO	33.2	2.5	10.51	0.12	2.3e-01	3e-02
336	r_MASTERVWF_SAAO	38.2	2.5	10.70	0.14	1.9e-01	2e-02
337	r_MASTERVWF_SAAO	43.2	2.5	11.02	0.17	1.4e-01	2e-02
338	r_MASTERVWF_IAC	41.1	2.5	10.78	0.15	1.8e-01	3e-02
339	r_MASTERVWF_IAC	46.1	2.5	11.05	0.19	1.4e-01	3e-02
340	r_MASTERII_SAAO	50.9	5.0	11.29	0.04	1.1e-01	4e-03
341	r_MASTERII_SAAO	78.4	5.0	12.08	0.04	5.3e-02	2e-03
342	r_MASTERII_SAAO	109.8	10.0	12.74	0.04	2.9e-02	1e-03
343	r_MASTERII_SAAO	152.2	15.0	13.34	0.04	1.7e-02	6e-04
344	r_MASTERII_SAAO	204.7	20.0	13.86	0.04	1.0e-02	4e-04
345	r_MASTERII_SAAO	266.2	25.0	14.28	0.04	7.0e-03	3e-04
346	r_MASTERII_SAAO	343.7	30.0	14.74	0.04	4.6e-03	2e-04
347	r_MASTERII_SAAO	430.0	40.0	15.20	0.04	3.0e-03	1e-04
348	r_MASTERII_SAAO	538.2	50.0	15.37	0.04	2.6e-03	1e-04
349	r_MASTERII_SAAO	664.5	60.0	15.55	0.04	2.2e-03	9e-05
350	r_MASTERII_SAAO	817.2	75.0	15.80	0.05	1.7e-03	7e-05
351	r_MASTERII_SAAO	1002.5	90.0	16.16	0.05	1.2e-03	5e-05
352	r_MASTERII_SAAO	1214.1	90.0	16.41	0.05	9.9e-04	5e-05
353	r_MASTERII_SAAO	1427.1	90.0	16.61	0.05	8.2e-04	4e-05
354	r_MASTERII_SAAO	1643.9	90.0	16.67	0.06	7.8e-04	4e-05
355	r_MASTERII_SAAO	1853.7	90.0	16.75	0.06	7.3e-04	4e-05
356	r_MASTERII_SAAO	2064.2	90.0	16.84	0.06	6.6e-04	4e-05
357	r_MASTERII_SAAO	2273.4	90.0	17.00	0.07	5.8e-04	4e-05
358	r_MASTERII_IAC	53.0	5.0	11.38	0.06	1.0e-01	6e-03
359	r_MASTERII_IAC	107.3	10.0	12.69	0.06	3.1e-02	2e-03
360	r_MASTERII_IAC	146.9	15.0	13.27	0.06	1.8e-02	1e-03
361	r_MASTERII_IAC	196.7	20.0	13.79	0.06	1.1e-02	6e-04
362	r_MASTERII_IAC	328.9	30.0	14.63	0.06	5.1e-03	3e-04
363	r_MASTERII_IAC	410.9	35.0	15.10	0.06	3.3e-03	2e-04
364	r_MASTERII_IAC	506.0	45.0	15.28	0.06	2.8e-03	2e-04
365	r_MASTERII_IAC	620.2	55.0	15.58	0.06	2.1e-03	1e-04
366	r_MASTERII_IAC	759.7	70.0	15.82	0.07	1.7e-03	1e-04
367	r_MASTERII_IAC	928.8	85.0	16.06	0.07	1.4e-03	8e-05
368	r_MASTERII_IAC	1118.4	90.0	16.23	0.07	1.2e-03	7e-05
369	r_MASTERII_IAC	1328.7	90.0	16.50	0.07	9.2e-04	6e-05
370	r_MASTERII_IAC	1538.1	90.0	16.70	0.07	7.6e-04	5e-05
371	r_MASTERII_IAC	1755.1	90.0	16.68	0.08	7.7e-04	6e-05
372	r_MASTERII_IAC	1968.7	90.0	16.84	0.08	6.6e-04	5e-05
373	r_MASTERII_IAC	2182.4	90.0	16.93	0.08	6.1e-04	5e-05
374	r_IOO	2084.8	5.0	16.99	0.03	5.8e-04	1e-05
375	r_IOO	2113.4	5.0	16.94	0.03	6.1e-04	1e-05
376	r_IOO	2141.9	5.0	16.97	0.03	5.9e-04	1e-05
377	r_IOO	2209.8	5.0	17.01	0.03	5.7e-04	1e-05
378	r_IOO	2238.4	5.0	17.05	0.03	5.5e-04	1e-05
379	r_IOO	2266.8	5.0	17.04	0.03	5.5e-04	2e-05
380	R_RINGO3	202.5	1.2	13.24	0.04	1.4e-02	5e-04
381	R_RINGO3	204.8	1.2	13.27	0.04	1.4e-02	5e-04
382	R_RINGO3	207.2	1.2	13.31	0.04	1.3e-02	5e-04
383	R_RINGO3	209.5	1.2	13.34	0.04	1.3e-02	5e-04
384	R_RINGO3	211.9	1.2	13.38	0.04	1.2e-02	5e-04
385	R_RINGO3	214.2	1.2	13.38	0.04	1.2e-02	5e-04
386	R_RINGO3	216.6	1.2	13.39	0.04	1.2e-02	5e-04
387	R_RINGO3	218.9	1.2	13.40	0.04	1.2e-02	5e-04
388	R_RINGO3	221.3	1.2	13.41	0.04	1.2e-02	5e-04
389	R_RINGO3	223.6	1.2	13.47	0.04	1.1e-02	5e-04
390	R_RINGO3	226.0	1.2	13.42	0.04	1.2e-02	5e-04
391	R_RINGO3	228.3	1.2	13.50	0.04	1.1e-02	4e-04
392	R_RINGO3	230.7	1.2	13.50	0.04	1.1e-02	4e-04
393	R_RINGO3	233.0	1.2	13.51	0.04	1.1e-02	4e-04
394	R_RINGO3	235.3	1.2	13.55	0.04	1.1e-02	4e-04
395	R_RINGO3	237.7	1.2	13.53	0.04	1.1e-02	4e-04
396	R_RINGO3	240.0	1.2	13.54	0.04	1.1e-02	4e-04
397	R_RINGO3	242.4	1.2	13.60	0.04	1.0e-02	4e-04
398	R_RINGO3	244.7	1.2	13.57	0.04	1.0e-02	4e-04
399	R_RINGO3	247.1	1.2	13.62	0.04	9.9e-03	4e-04
400	R_RINGO3	249.4	1.2	13.57	0.04	1.0e-02	4e-04
401	R_RINGO3	251.8	1.2	13.67	0.04	9.4e-03	4e-04
402	R_RINGO3	254.1	1.2	13.70	0.04	9.2e-03	4e-04
403	R_RINGO3	256.5	1.2	13.68	0.04	9.3e-03	4e-04
404	R_RINGO3	258.8	1.2	13.73	0.04	8.9e-03	4e-04
405	R_RINGO3	261.1	1.2	13.71	0.04	9.1e-03	4e-04
406	R_RINGO3	263.5	1.2	13.71	0.04	9.1e-03	4e-04
407	R_RINGO3	265.8	1.2	13.73	0.04	9.0e-03	4e-04
408	R_RINGO3	268.2	1.2	13.79	0.05	8.4e-03	3e-04
409	R_RINGO3	270.5	1.2	13.79	0.04	8.5e-03	3e-04
410	R_RINGO3	272.9	1.2	13.76	0.04	8.7e-03	4e-04
411	R_RINGO3	275.2	1.2	13.78	0.04	8.5e-03	4e-04
412	R_RINGO3	277.6	1.2	13.74	0.04	8.8e-03	4e-04
413	R_RINGO3	279.9	1.2	13.80	0.05	8.4e-03	3e-04
414	R_RINGO3	282.3	1.2	13.82	0.05	8.2e-03	3e-04
415	R_RINGO3	284.6	1.2	13.84	0.05	8.1e-03	3e-04
416	R_RINGO3	286.9	1.2	13.88	0.05	7.8e-03	3e-04
417	R_RINGO3	289.3	1.2	13.92	0.05	7.5e-03	3e-04
418	R_RINGO3	291.6	1.2	13.96	0.05	7.2e-03	3e-04
419	R_RINGO3	294.0	1.2	13.93	0.05	7.5e-03	3e-04
420	R_RINGO3	296.3	1.2	13.94	0.05	7.4e-03	3e-04
421	R_RINGO3	298.7	1.2	13.97	0.05	7.1e-03	3e-04
422	R_RINGO3	301.0	1.2	13.97	0.05	7.2e-03	3e-04
423	R_RINGO3	303.4	1.2	13.99	0.05	7.1e-03	3e-04
424	R_RINGO3	305.7	1.2	13.97	0.05	7.1e-03	3e-04
425	R_RINGO3	308.1	1.2	14.00	0.05	7.0e-03	3e-04
426	R_RINGO3	311.6	2.4	14.09	0.04	6.4e-03	3e-04
427	R_RINGO3	315.1	1.2	14.03	0.05	6.8e-03	3e-04
428	R_RINGO3	317.4	1.2	14.08	0.05	6.5e-03	3e-04
429	R_RINGO3	319.8	1.2	14.18	0.05	5.9e-03	3e-04
430	R_RINGO3	322.1	1.2	14.17	0.05	6.0e-03	3e-04
431	R_RINGO3	324.5	1.2	14.08	0.05	6.5e-03	3e-04
432	R_RINGO3	326.8	1.2	14.11	0.05	6.3e-03	3e-04
433	R_RINGO3	329.2	1.2	14.18	0.05	5.9e-03	3e-04
434	R_RINGO3	331.5	1.2	14.14	0.05	6.1e-03	3e-04
435	R_RINGO3	333.9	1.2	14.19	0.05	5.8e-03	3e-04
436	R_RINGO3	336.2	1.2	14.11	0.05	6.3e-03	3e-04
437	R_RINGO3	338.6	1.2	14.20	0.05	5.8e-03	3e-04
438	R_RINGO3	340.9	1.2	14.24	0.05	5.6e-03	3e-04
439	R_RINGO3	343.2	1.2	14.24	0.05	5.6e-03	3e-04
440	R_RINGO3	345.6	1.2	14.16	0.05	6.0e-03	3e-04
441	R_RINGO3	347.9	1.2	14.21	0.05	5.7e-03	3e-04
442	R_RINGO3	350.3	1.2	14.24	0.05	5.6e-03	3e-04
443	R_RINGO3	352.6	1.2	14.19	0.05	5.8e-03	3e-04
444	R_RINGO3	355.0	1.2	14.26	0.05	5.5e-03	3e-04
445	R_RINGO3	357.3	1.2	14.19	0.05	5.9e-03	3e-04
446	R_RINGO3	359.7	1.2	14.17	0.05	5.9e-03	3e-04
447	R_RINGO3	362.0	1.2	14.20	0.05	5.8e-03	3e-04
448	R_RINGO3	364.4	1.2	14.24	0.05	5.6e-03	3e-04
449	R_RINGO3	366.7	1.2	14.28	0.05	5.4e-03	3e-04
450	R_RINGO3	369.1	1.2	14.27	0.05	5.4e-03	3e-04
451	R_RINGO3	371.4	1.2	14.31	0.05	5.3e-03	2e-04
452	R_RINGO3	373.8	1.2	14.32	0.05	5.2e-03	2e-04
453	R_RINGO3	376.1	1.2	14.36	0.05	5.0e-03	2e-04
454	R_RINGO3	378.4	1.2	14.35	0.05	5.0e-03	2e-04
455	R_RINGO3	380.8	1.2	14.40	0.05	4.8e-03	2e-04
456	R_RINGO3	383.1	1.2	14.37	0.05	5.0e-03	2e-04
457	R_RINGO3	385.5	1.2	14.45	0.05	4.6e-03	2e-04
458	R_RINGO3	387.8	1.2	14.47	0.05	4.5e-03	2e-04
459	R_RINGO3	390.2	1.2	14.44	0.05	4.6e-03	2e-04
460	R_RINGO3	392.5	1.2	14.38	0.05	4.9e-03	2e-04
461	R_RINGO3	394.9	1.2	14.41	0.05	4.8e-03	2e-04
462	R_RINGO3	397.2	1.2	14.39	0.05	4.9e-03	2e-04
463	R_RINGO3	399.6	1.2	14.38	0.05	4.9e-03	2e-04
464	R_RINGO3	401.9	1.2	14.43	0.05	4.7e-03	2e-04
465	R_RINGO3	404.2	1.2	14.40	0.05	4.8e-03	2e-04
466	R_RINGO3	406.6	1.2	14.48	0.05	4.5e-03	2e-04
467	R_RINGO3	408.9	1.2	14.60	0.06	4.0e-03	2e-04
468	R_RINGO3	411.3	1.2	14.50	0.05	4.4e-03	2e-04
469	R_RINGO3	413.6	1.2	14.53	0.05	4.3e-03	2e-04
470	R_RINGO3	416.0	1.2	14.50	0.05	4.4e-03	2e-04
471	R_RINGO3	419.5	2.4	14.49	0.05	4.4e-03	2e-04
472	R_RINGO3	423.0	1.2	14.54	0.05	4.2e-03	2e-04
473	R_RINGO3	425.4	1.2	14.53	0.05	4.3e-03	2e-04
474	R_RINGO3	427.7	1.2	14.54	0.05	4.3e-03	2e-04
475	R_RINGO3	430.1	1.2	14.45	0.05	4.6e-03	2e-04
476	R_RINGO3	432.4	1.2	14.53	0.05	4.3e-03	2e-04
477	R_RINGO3	434.7	1.2	14.54	0.05	4.2e-03	2e-04
478	R_RINGO3	437.1	1.2	14.53	0.05	4.3e-03	2e-04
479	R_RINGO3	439.4	1.2	14.59	0.06	4.1e-03	2e-04
480	R_RINGO3	441.8	1.2	14.66	0.06	3.8e-03	2e-04
481	R_RINGO3	444.1	1.2	14.56	0.06	4.2e-03	2e-04
482	R_RINGO3	446.5	1.2	14.54	0.05	4.2e-03	2e-04
483	R_RINGO3	448.8	1.2	14.67	0.06	3.8e-03	2e-04
484	R_RINGO3	451.2	1.2	14.65	0.06	3.8e-03	2e-04
485	R_RINGO3	453.5	1.2	14.68	0.06	3.7e-03	2e-04
486	R_RINGO3	455.9	1.2	14.59	0.06	4.0e-03	2e-04
487	R_RINGO3	458.2	1.2	14.66	0.06	3.8e-03	2e-04
488	R_RINGO3	460.6	1.2	14.61	0.06	4.0e-03	2e-04
489	R_RINGO3	462.9	1.2	14.61	0.06	4.0e-03	2e-04
490	R_RINGO3	465.2	1.2	14.60	0.06	4.0e-03	2e-04
491	R_RINGO3	467.6	1.2	14.60	0.06	4.0e-03	2e-04
492	R_RINGO3	469.9	1.2	14.74	0.06	3.5e-03	2e-04
493	R_RINGO3	472.3	1.2	14.58	0.05	4.1e-03	2e-04
494	R_RINGO3	474.6	1.2	14.61	0.06	4.0e-03	2e-04
495	R_RINGO3	477.0	1.2	14.62	0.06	3.9e-03	2e-04
496	R_RINGO3	479.3	1.2	14.67	0.06	3.8e-03	2e-04
497	R_RINGO3	481.7	1.2	14.73	0.06	3.5e-03	2e-04
498	R_RINGO3	484.0	1.2	14.74	0.06	3.5e-03	2e-04
499	R_RINGO3	486.3	1.2	14.78	0.06	3.4e-03	2e-04
500	R_RINGO3	488.7	1.2	14.74	0.06	3.5e-03	2e-04
501	R_RINGO3	491.0	1.2	14.78	0.06	3.4e-03	2e-04
502	R_RINGO3	493.4	1.2	14.84	0.06	3.2e-03	2e-04
503	R_RINGO3	495.7	1.2	14.75	0.06	3.5e-03	2e-04
504	R_RINGO3	498.1	1.2	14.82	0.06	3.3e-03	2e-04
505	R_RINGO3	500.4	1.2	14.83	0.06	3.2e-03	2e-04
506	R_RINGO3	502.8	1.2	14.75	0.06	3.5e-03	2e-04
507	R_RINGO3	505.1	1.2	14.77	0.06	3.4e-03	2e-04
508	R_RINGO3	507.5	1.2	14.78	0.06	3.4e-03	2e-04
509	R_RINGO3	509.8	1.2	14.81	0.06	3.3e-03	2e-04
510	R_RINGO3	512.1	1.2	14.79	0.06	3.4e-03	2e-04
511	R_RINGO3	514.5	1.2	14.75	0.06	3.5e-03	2e-04
512	R_RINGO3	518.0	2.4	14.85	0.05	3.2e-03	2e-04
513	R_RINGO3	522.7	2.4	14.75	0.05	3.5e-03	2e-04
514	R_RINGO3	526.2	1.2	14.83	0.06	3.2e-03	2e-04
515	R_RINGO3	528.6	1.2	14.74	0.06	3.5e-03	2e-04
516	R_RINGO3	530.9	1.2	14.83	0.06	3.2e-03	2e-04
517	R_RINGO3	533.3	1.2	14.81	0.06	3.3e-03	2e-04
518	R_RINGO3	535.6	1.2	14.84	0.06	3.2e-03	2e-04
519	R_RINGO3	538.0	1.2	14.87	0.06	3.1e-03	2e-04
520	R_RINGO3	540.3	1.2	14.90	0.06	3.0e-03	2e-04
521	R_RINGO3	542.6	1.2	14.72	0.06	3.6e-03	2e-04
522	R_RINGO3	545.0	1.2	14.74	0.06	3.5e-03	2e-04
523	R_RINGO3	547.3	1.2	14.76	0.06	3.5e-03	2e-04
524	R_RINGO3	549.7	1.2	14.87	0.06	3.1e-03	2e-04
525	R_RINGO3	552.0	1.2	14.85	0.06	3.2e-03	2e-04
526	R_RINGO3	554.4	1.2	14.82	0.06	3.3e-03	2e-04
527	R_RINGO3	556.7	1.2	14.89	0.06	3.1e-03	2e-04
528	R_RINGO3	559.1	1.2	14.89	0.06	3.1e-03	2e-04
529	R_RINGO3	561.4	1.2	14.80	0.06	3.3e-03	2e-04
530	R_RINGO3	563.8	1.2	14.90	0.06	3.0e-03	2e-04
531	R_RINGO3	566.1	1.2	14.81	0.06	3.3e-03	2e-04
532	R_RINGO3	568.5	1.2	14.79	0.06	3.4e-03	2e-04
533	R_RINGO3	570.8	1.2	14.90	0.06	3.0e-03	2e-04
534	R_RINGO3	573.1	1.2	14.94	0.06	2.9e-03	2e-04
535	R_RINGO3	575.5	1.2	14.90	0.06	3.0e-03	2e-04
536	R_RINGO3	577.8	1.2	14.94	0.06	2.9e-03	2e-04
537	R_RINGO3	580.2	1.2	14.88	0.06	3.1e-03	2e-04
538	R_RINGO3	582.5	1.2	14.97	0.06	2.9e-03	2e-04
539	R_RINGO3	584.9	1.2	14.92	0.06	3.0e-03	2e-04
540	R_RINGO3	587.2	1.2	14.96	0.06	2.9e-03	2e-04
541	R_RINGO3	589.6	1.2	14.99	0.06	2.8e-03	2e-04
542	R_RINGO3	593.1	2.4	14.97	0.05	2.9e-03	1e-04
543	R_RINGO3	596.6	1.2	14.91	0.06	3.0e-03	2e-04
544	R_RINGO3	599.0	1.2	14.92	0.06	3.0e-03	2e-04
545	R_RINGO3	601.3	1.2	15.04	0.07	2.7e-03	2e-04
546	R_RINGO3	603.6	1.2	15.00	0.06	2.8e-03	2e-04
547	R_RINGO3	606.0	1.2	14.97	0.06	2.9e-03	2e-04
548	R_RINGO3	609.5	2.4	15.01	0.05	2.7e-03	1e-04
549	R_RINGO3	613.0	1.2	15.02	0.07	2.7e-03	2e-04
550	R_RINGO3	615.4	1.2	15.02	0.06	2.7e-03	2e-04
551	R_RINGO3	617.7	1.2	14.98	0.06	2.8e-03	2e-04
552	R_RINGO3	620.1	1.2	15.05	0.07	2.7e-03	2e-04
553	R_RINGO3	622.4	1.2	15.02	0.07	2.7e-03	2e-04
554	R_RINGO3	624.8	1.2	15.04	0.07	2.7e-03	2e-04
555	R_RINGO3	627.1	1.2	15.04	0.07	2.7e-03	2e-04
556	R_RINGO3	630.6	2.4	15.10	0.06	2.5e-03	1e-04
557	R_RINGO3	635.3	2.4	15.10	0.06	2.5e-03	1e-04
558	R_RINGO3	638.8	1.2	15.01	0.07	2.7e-03	2e-04
559	R_RINGO3	641.2	1.2	15.08	0.07	2.6e-03	2e-04
560	R_RINGO3	643.5	1.2	14.94	0.06	2.9e-03	2e-04
561	R_RINGO3	647.0	2.4	15.13	0.06	2.5e-03	1e-04
562	R_RINGO3	650.5	1.2	15.10	0.07	2.5e-03	2e-04
563	R_RINGO3	654.1	2.4	15.11	0.06	2.5e-03	1e-04
564	R_RINGO3	657.6	1.2	15.07	0.07	2.6e-03	2e-04
565	R_RINGO3	659.9	1.2	15.07	0.07	2.6e-03	2e-04
566	R_RINGO3	663.5	2.4	15.11	0.06	2.5e-03	1e-04
567	R_RINGO3	667.0	1.2	15.04	0.07	2.7e-03	2e-04
568	R_RINGO3	669.3	1.2	14.98	0.06	2.8e-03	2e-04
569	R_RINGO3	671.7	1.2	15.03	0.07	2.7e-03	2e-04
570	R_RINGO3	674.0	1.2	15.00	0.06	2.8e-03	2e-04
571	R_RINGO3	676.4	1.2	15.09	0.07	2.5e-03	2e-04
572	R_RINGO3	679.9	2.4	15.03	0.05	2.7e-03	1e-04
573	R_RINGO3	684.6	2.4	15.17	0.06	2.4e-03	1e-04
574	R_RINGO3	689.3	2.4	15.16	0.06	2.4e-03	1e-04
575	R_RINGO3	694.0	2.4	15.13	0.06	2.5e-03	1e-04
576	R_RINGO3	697.5	1.2	15.12	0.07	2.5e-03	2e-04
577	R_RINGO3	701.0	2.4	15.13	0.06	2.5e-03	1e-04
578	R_RINGO3	705.7	2.4	15.16	0.06	2.4e-03	1e-04
579	R_RINGO3	710.4	2.4	15.23	0.06	2.2e-03	1e-04
580	R_RINGO3	715.1	2.4	15.18	0.06	2.3e-03	1e-04
581	R_RINGO3	719.8	2.4	15.24	0.06	2.2e-03	1e-04
582	R_RINGO3	723.3	1.2	15.08	0.07	2.6e-03	2e-04
583	R_RINGO3	726.8	2.4	15.25	0.06	2.2e-03	1e-04
584	R_RINGO3	731.5	2.4	15.22	0.06	2.3e-03	1e-04
585	R_RINGO3	736.2	2.4	15.18	0.06	2.3e-03	1e-04
586	R_RINGO3	740.9	2.4	15.18	0.06	2.3e-03	1e-04
587	R_RINGO3	745.5	2.4	15.17	0.06	2.4e-03	1e-04
588	R_RINGO3	750.2	2.4	15.23	0.06	2.2e-03	1e-04
589	R_RINGO3	753.8	1.2	15.03	0.07	2.7e-03	2e-04
590	R_RINGO3	757.3	2.4	15.20	0.06	2.3e-03	1e-04
591	R_RINGO3	762.0	2.4	15.23	0.06	2.2e-03	1e-04
592	R_RINGO3	766.7	2.4	15.34	0.06	2.0e-03	1e-04
593	R_RINGO3	771.4	2.4	15.33	0.06	2.1e-03	1e-04
594	R_RINGO3	776.0	2.4	15.39	0.06	1.9e-03	1e-04
595	R_RINGO3	780.7	2.4	15.32	0.06	2.1e-03	1e-04
596	R_RINGO3	785.4	2.4	15.29	0.06	2.1e-03	1e-04
597	R_RINGO3	790.1	2.4	15.29	0.06	2.1e-03	1e-04
598	R_RINGO3	794.8	2.4	15.32	0.06	2.1e-03	1e-04
599	R_RINGO3	820.6	2.4	15.34	0.06	2.0e-03	1e-04
600	R_RINGO3	825.3	2.4	15.32	0.06	2.1e-03	1e-04
601	R_RINGO3	830.0	2.4	15.24	0.06	2.2e-03	1e-04
602	R_RINGO3	834.7	2.4	15.42	0.06	1.9e-03	1e-04
603	R_RINGO3	840.5	3.5	15.50	0.06	1.8e-03	1e-04
604	R_RINGO3	846.4	2.4	15.36	0.06	2.0e-03	1e-04
605	R_RINGO3	851.1	2.4	15.42	0.06	1.9e-03	1e-04
606	R_RINGO3	855.8	2.4	15.38	0.06	1.9e-03	1e-04
607	R_RINGO3	860.5	2.4	15.35	0.06	2.0e-03	1e-04
608	R_RINGO3	865.2	2.4	15.44	0.06	1.8e-03	1e-04
609	R_RINGO3	869.9	2.4	15.35	0.06	2.0e-03	1e-04
610	R_RINGO3	874.6	2.4	15.43	0.06	1.9e-03	1e-04
611	R_RINGO3	879.3	2.4	15.38	0.06	1.9e-03	1e-04
612	R_RINGO3	883.9	2.4	15.39	0.06	1.9e-03	1e-04
613	R_RINGO3	888.6	2.4	15.45	0.06	1.8e-03	1e-04
614	R_RINGO3	893.3	2.4	15.46	0.06	1.8e-03	1e-04
615	R_RINGO3	898.0	2.4	15.42	0.06	1.9e-03	1e-04
616	R_RINGO3	902.7	2.4	15.38	0.06	1.9e-03	1e-04
617	R_RINGO3	907.4	2.4	15.44	0.06	1.8e-03	1e-04
618	R_RINGO3	912.1	2.4	15.33	0.06	2.1e-03	1e-04
619	R_RINGO3	916.8	2.4	15.44	0.06	1.9e-03	1e-04
620	R_RINGO3	921.5	2.4	15.46	0.06	1.8e-03	1e-04
621	R_RINGO3	926.2	2.4	15.39	0.06	1.9e-03	1e-04
622	R_RINGO3	930.9	2.4	15.48	0.07	1.8e-03	1e-04
623	R_RINGO3	936.7	3.5	15.52	0.06	1.7e-03	9e-05
624	R_RINGO3	942.6	2.4	15.48	0.07	1.8e-03	1e-04
625	R_RINGO3	947.3	2.4	15.41	0.06	1.9e-03	1e-04
626	R_RINGO3	953.1	3.5	15.53	0.06	1.7e-03	9e-05
627	R_RINGO3	959.0	2.4	15.48	0.07	1.8e-03	1e-04
628	R_RINGO3	963.7	2.4	15.47	0.07	1.8e-03	1e-04
629	R_RINGO3	968.4	2.4	15.52	0.07	1.7e-03	1e-04
630	R_RINGO3	973.1	2.4	15.53	0.07	1.7e-03	1e-04
631	R_RINGO3	977.8	2.4	15.46	0.07	1.8e-03	1e-04
632	R_RINGO3	982.5	2.4	15.51	0.07	1.7e-03	1e-04
633	R_RINGO3	987.2	2.4	15.44	0.06	1.9e-03	1e-04
634	R_RINGO3	993.0	3.5	15.58	0.06	1.6e-03	9e-05
635	R_RINGO3	1000.1	3.5	15.58	0.06	1.6e-03	9e-05
636	R_RINGO3	1007.1	3.5	15.61	0.06	1.6e-03	9e-05
637	R_RINGO3	1014.1	3.5	15.66	0.06	1.5e-03	9e-05
638	R_RINGO3	1021.2	3.5	15.55	0.06	1.7e-03	9e-05
639	R_RINGO3	1027.0	2.4	15.47	0.07	1.8e-03	1e-04
640	R_RINGO3	1032.9	3.5	15.55	0.06	1.7e-03	9e-05
641	R_RINGO3	1039.9	3.5	15.66	0.06	1.5e-03	9e-05
642	R_RINGO3	1047.0	3.5	15.68	0.06	1.5e-03	9e-05
643	R_RINGO3	1054.0	3.5	15.64	0.06	1.5e-03	9e-05
644	R_RINGO3	1059.9	2.4	15.52	0.07	1.7e-03	1e-04
645	R_RINGO3	1065.7	3.5	15.65	0.06	1.5e-03	9e-05
646	R_RINGO3	1072.8	3.5	15.61	0.06	1.6e-03	9e-05
647	R_RINGO3	1078.6	2.4	15.49	0.07	1.8e-03	1e-04
648	R_RINGO3	1083.3	2.4	15.49	0.07	1.8e-03	1e-04
649	R_RINGO3	1089.2	3.5	15.70	0.07	1.5e-03	9e-05
650	R_RINGO3	1096.2	3.5	15.65	0.06	1.5e-03	9e-05
651	R_RINGO3	1103.3	3.5	15.63	0.06	1.6e-03	9e-05
652	R_RINGO3	1110.3	3.5	15.65	0.06	1.5e-03	9e-05
653	R_RINGO3	1117.3	3.5	15.69	0.06	1.5e-03	9e-05
654	R_RINGO3	1124.4	3.5	15.71	0.07	1.4e-03	9e-05
655	R_RINGO3	1131.4	3.5	15.72	0.07	1.4e-03	8e-05
656	R_RINGO3	1138.4	3.5	15.69	0.06	1.5e-03	9e-05
657	R_RINGO3	1145.5	3.5	15.65	0.06	1.5e-03	9e-05
658	R_RINGO3	1152.5	3.5	15.74	0.07	1.4e-03	8e-05
659	R_RINGO3	1159.5	3.5	15.74	0.07	1.4e-03	8e-05
660	R_RINGO3	1167.8	4.7	15.81	0.06	1.3e-03	8e-05
661	R_RINGO3	1177.1	4.7	15.77	0.06	1.4e-03	8e-05
662	R_RINGO3	1185.3	3.5	15.75	0.07	1.4e-03	8e-05
663	R_RINGO3	1192.4	3.5	15.65	0.06	1.5e-03	9e-05
664	R_RINGO3	1199.4	3.5	15.77	0.07	1.4e-03	8e-05
665	R_RINGO3	1206.5	3.5	15.78	0.07	1.4e-03	8e-05
666	R_RINGO3	1213.5	3.5	15.73	0.07	1.4e-03	8e-05
667	R_RINGO3	1221.7	4.7	15.83	0.06	1.3e-03	8e-05
668	R_RINGO3	1231.1	4.7	15.89	0.07	1.2e-03	7e-05
669	R_RINGO3	1240.5	4.7	15.85	0.07	1.3e-03	8e-05
670	R_RINGO3	1249.9	4.7	15.80	0.06	1.3e-03	8e-05
671	R_RINGO3	1258.1	3.5	15.76	0.07	1.4e-03	8e-05
672	R_RINGO3	1265.1	3.5	15.77	0.07	1.4e-03	8e-05
673	R_RINGO3	1273.3	4.7	15.86	0.06	1.2e-03	7e-05
674	R_RINGO3	1281.5	3.5	15.76	0.07	1.4e-03	8e-05
675	R_RINGO3	1289.7	4.7	15.87	0.07	1.2e-03	8e-05
676	R_RINGO3	1297.9	3.5	15.74	0.07	1.4e-03	8e-05
677	R_RINGO3	1306.2	4.7	15.80	0.06	1.3e-03	8e-05
678	R_RINGO3	1314.4	3.5	15.73	0.07	1.4e-03	8e-05
679	R_RINGO3	1322.6	4.7	15.85	0.06	1.3e-03	7e-05
680	R_RINGO3	1332.0	4.7	15.81	0.06	1.3e-03	8e-05
681	R_RINGO3	1342.5	5.9	15.79	0.06	1.3e-03	7e-05
682	R_RINGO3	1351.9	3.5	15.78	0.07	1.4e-03	8e-05
683	R_RINGO3	1360.1	4.7	15.95	0.07	1.2e-03	7e-05
684	R_RINGO3	1369.5	4.7	15.77	0.06	1.4e-03	8e-05
685	R_RINGO3	1378.9	4.7	15.86	0.06	1.2e-03	7e-05
686	R_RINGO3	1388.2	4.7	15.84	0.06	1.3e-03	8e-05
687	R_RINGO3	1397.6	4.7	15.87	0.06	1.2e-03	7e-05
688	R_RINGO3	1408.2	5.9	16.03	0.07	1.1e-03	7e-05
689	R_RINGO3	1439.9	4.7	15.96	0.07	1.2e-03	7e-05
690	R_RINGO3	1450.4	5.9	16.06	0.07	1.0e-03	6e-05
691	R_RINGO3	1462.2	5.9	15.98	0.06	1.1e-03	7e-05
692	R_RINGO3	1473.9	5.9	15.98	0.06	1.1e-03	7e-05
693	R_RINGO3	1484.4	4.7	15.93	0.07	1.2e-03	7e-05
694	R_RINGO3	1493.8	4.7	15.93	0.07	1.2e-03	7e-05
695	R_RINGO3	1503.2	4.7	15.94	0.07	1.2e-03	7e-05
696	R_RINGO3	1513.8	5.9	16.03	0.07	1.1e-03	7e-05
697	R_RINGO3	1525.5	5.9	15.96	0.06	1.1e-03	7e-05
698	R_RINGO3	1537.2	5.9	16.05	0.07	1.0e-03	7e-05
699	R_RINGO3	1547.8	4.7	15.90	0.07	1.2e-03	7e-05
700	R_RINGO3	1558.3	5.9	16.05	0.07	1.0e-03	6e-05
701	R_RINGO3	1570.0	5.9	15.98	0.07	1.1e-03	7e-05
702	R_RINGO3	1581.8	5.9	16.02	0.07	1.1e-03	7e-05
703	R_RINGO3	1592.3	4.7	15.94	0.07	1.2e-03	7e-05
704	R_RINGO3	1602.9	5.9	16.02	0.07	1.1e-03	7e-05
705	R_RINGO3	1614.6	5.9	16.07	0.07	1.0e-03	6e-05
706	R_RINGO3	1626.3	5.9	15.94	0.06	1.2e-03	7e-05
707	R_RINGO3	1638.1	5.9	16.02	0.07	1.1e-03	7e-05
708	R_RINGO3	1648.6	4.7	15.90	0.07	1.2e-03	7e-05
709	R_RINGO3	1659.2	5.9	16.07	0.07	1.0e-03	6e-05
710	R_RINGO3	1672.1	7.0	16.12	0.07	9.9e-04	6e-05
711	R_RINGO3	1686.1	7.0	16.14	0.07	9.7e-04	6e-05
712	R_RINGO3	1700.2	7.0	16.14	0.07	9.7e-04	6e-05
713	R_RINGO3	1714.3	7.0	16.17	0.07	9.4e-04	6e-05
714	R_RINGO3	1728.4	7.0	16.13	0.07	9.8e-04	6e-05
715	R_RINGO3	1743.6	8.2	16.19	0.06	9.3e-04	6e-05
716	R_RINGO3	1758.9	7.0	16.14	0.07	9.7e-04	6e-05
717	R_RINGO3	1772.9	7.0	16.14	0.07	9.7e-04	6e-05
718	R_RINGO3	1788.2	8.2	16.27	0.07	8.6e-04	5e-05
719	R_RINGO3	1804.6	8.2	16.23	0.07	8.9e-04	5e-05
720	R_RINGO3	1821.0	8.2	16.21	0.07	9.1e-04	6e-05
721	R_RINGO3	1837.4	8.2	16.18	0.06	9.4e-04	6e-05
722	R_RINGO3	1856.2	10.6	16.25	0.06	8.8e-04	5e-05
723	R_RINGO3	1873.8	7.0	16.14	0.07	9.7e-04	6e-05
724	R_RINGO3	1890.2	9.4	16.29	0.07	8.4e-04	5e-05
725	R_RINGO3	1907.8	8.2	16.27	0.07	8.6e-04	5e-05
726	R_RINGO3	1926.6	10.6	16.39	0.07	7.7e-04	5e-05
727	R_RINGO3	1946.5	9.4	16.29	0.07	8.4e-04	5e-05
728	R_RINGO3	1965.3	9.4	16.36	0.07	7.9e-04	5e-05
729	R_RINGO3	1981.7	7.0	16.19	0.07	9.3e-04	6e-05
730	R_RINGO3	1998.1	9.4	16.30	0.07	8.4e-04	5e-05
731	R_RINGO3	2019.2	11.7	16.34	0.06	8.1e-04	5e-05
732	R_RINGO3	2357.1	30.5	16.55	0.05	6.6e-04	3e-05
733	R_RINGO3	2418.1	30.5	16.60	0.06	6.3e-04	3e-05
734	R_RINGO3	2478.9	29.3	16.66	0.06	6.0e-04	3e-05
735	R_RINGO3	2537.7	30.5	16.65	0.06	6.1e-04	3e-05
736	R_RINGO3	2598.6	29.3	16.66	0.06	6.0e-04	3e-05
737	R_RINGO3	2657.4	30.5	16.62	0.06	6.2e-04	3e-05
738	R_RINGO3	2718.3	30.5	16.70	0.06	5.8e-04	3e-05
739	R_RINGO3	2779.2	29.3	16.74	0.06	5.6e-04	3e-05
740	R_RINGO3	2838.0	30.5	16.74	0.06	5.6e-04	3e-05
741	R_RINGO3	2898.4	26.7	16.79	0.06	5.3e-04	3e-05
742	R_RINGO3	2974.0	30.5	16.81	0.06	5.2e-04	3e-05
743	R_RINGO3	3035.0	30.5	16.81	0.06	5.2e-04	3e-05
744	R_RINGO3	3095.8	29.3	16.83	0.06	5.2e-04	3e-05
745	R_RINGO3	3154.6	30.5	16.88	0.06	4.9e-04	3e-05
746	R_RINGO3	3215.5	29.3	16.87	0.06	4.9e-04	3e-05
747	R_RINGO3	3274.2	30.5	16.91	0.06	4.8e-04	3e-05
748	R_RINGO3	3335.2	30.5	16.89	0.06	4.8e-04	3e-05
749	R_RINGO3	3396.1	29.3	16.80	0.06	5.3e-04	3e-05
750	R_RINGO3	3454.8	30.5	16.89	0.06	4.9e-04	3e-05
751	R_RINGO3	3515.2	26.8	16.94	0.07	4.6e-04	3e-05
752	R_RINGO3	3649.5	30.5	16.93	0.06	4.7e-04	3e-05
753	R_RINGO3	3740.9	59.8	17.06	0.06	4.2e-04	2e-05
754	R_RINGO3	3830.1	30.5	16.99	0.07	4.4e-04	3e-05
755	R_RINGO3	3920.4	59.8	17.10	0.06	4.0e-04	2e-05
756	R_RINGO3	4041.1	59.8	17.12	0.06	3.9e-04	2e-05
757	R_RINGO3	4160.2	57.3	17.13	0.06	3.9e-04	2e-05
758	R_RINGO3	4296.9	61.0	17.20	0.06	3.7e-04	2e-05
759	R_RINGO3	4417.7	59.8	17.18	0.06	3.7e-04	2e-05
760	R_RINGO3	4537.3	59.8	17.33	0.07	3.3e-04	2e-05
761	R_RINGO3	4687.8	90.3	17.36	0.06	3.1e-04	2e-05
762	R_RINGO3	4880.1	88.0	17.36	0.06	3.1e-04	2e-05
763	R_RINGO3	5066.8	89.1	17.33	0.06	3.3e-04	2e-05
764	R_RINGO3	5246.6	90.3	17.38	0.06	3.1e-04	2e-05
765	R_RINGO3	5431.3	87.5	17.41	0.07	3.0e-04	2e-05
766	R_RINGO3	5621.2	90.3	17.41	0.07	3.0e-04	2e-05
767	R_RINGO3	5861.2	150.1	17.57	0.07	2.6e-04	2e-05
768	R_RINGO3	6112.2	88.7	17.40	0.07	3.0e-04	2e-05
769	R_RINGO3	6447.7	237.3	17.72	0.07	2.3e-04	1e-05
770	R_RINGO3	7004.4	298.3	17.73	0.07	2.2e-04	1e-05
771	I_RINGO3	202.5	1.2	12.50	0.04	2.4e-02	1e-03
772	I_RINGO3	204.8	1.2	12.57	0.04	2.3e-02	9e-04
773	I_RINGO3	207.2	1.2	12.59	0.04	2.2e-02	9e-04
774	I_RINGO3	209.5	1.2	12.60	0.04	2.2e-02	9e-04
775	I_RINGO3	211.9	1.2	12.62	0.04	2.2e-02	9e-04
776	I_RINGO3	214.2	1.2	12.67	0.04	2.1e-02	8e-04
777	I_RINGO3	216.6	1.2	12.67	0.04	2.1e-02	8e-04
778	I_RINGO3	218.9	1.2	12.73	0.04	1.9e-02	8e-04
779	I_RINGO3	221.2	1.2	12.71	0.04	2.0e-02	8e-04
780	I_RINGO3	223.6	1.2	12.70	0.04	2.0e-02	8e-04
781	I_RINGO3	225.9	1.2	12.74	0.04	1.9e-02	8e-04
782	I_RINGO3	228.3	1.2	12.75	0.04	1.9e-02	8e-04
783	I_RINGO3	230.6	1.2	12.82	0.04	1.8e-02	7e-04
784	I_RINGO3	233.0	1.2	12.78	0.04	1.9e-02	8e-04
785	I_RINGO3	235.3	1.2	12.76	0.04	1.9e-02	8e-04
786	I_RINGO3	237.7	1.2	12.83	0.04	1.8e-02	7e-04
787	I_RINGO3	240.0	1.2	12.84	0.04	1.8e-02	7e-04
788	I_RINGO3	242.3	1.2	12.84	0.04	1.8e-02	7e-04
789	I_RINGO3	244.7	1.2	12.84	0.04	1.8e-02	7e-04
790	I_RINGO3	247.1	1.2	12.93	0.04	1.6e-02	7e-04
791	I_RINGO3	249.4	1.2	12.97	0.04	1.6e-02	7e-04
792	I_RINGO3	251.7	1.2	12.92	0.04	1.6e-02	7e-04
793	I_RINGO3	254.1	1.2	12.96	0.04	1.6e-02	7e-04
794	I_RINGO3	256.4	1.2	12.99	0.04	1.5e-02	6e-04
795	I_RINGO3	258.8	1.2	12.98	0.04	1.5e-02	6e-04
796	I_RINGO3	261.1	1.2	13.03	0.05	1.5e-02	6e-04
797	I_RINGO3	263.5	1.2	13.05	0.05	1.4e-02	6e-04
798	I_RINGO3	265.8	1.2	13.03	0.05	1.5e-02	6e-04
799	I_RINGO3	268.2	1.2	13.06	0.05	1.4e-02	6e-04
800	I_RINGO3	270.5	1.2	13.00	0.05	1.5e-02	6e-04
801	I_RINGO3	272.9	1.2	13.08	0.05	1.4e-02	6e-04
802	I_RINGO3	275.2	1.2	13.05	0.05	1.4e-02	6e-04
803	I_RINGO3	277.5	1.2	13.09	0.05	1.4e-02	6e-04
804	I_RINGO3	279.9	1.2	13.11	0.05	1.4e-02	6e-04
805	I_RINGO3	282.2	1.2	13.09	0.05	1.4e-02	6e-04
806	I_RINGO3	284.6	1.2	13.10	0.05	1.4e-02	6e-04
807	I_RINGO3	286.9	1.2	13.14	0.05	1.3e-02	6e-04
808	I_RINGO3	289.3	1.2	13.22	0.05	1.2e-02	5e-04
809	I_RINGO3	291.6	1.2	13.16	0.05	1.3e-02	6e-04
810	I_RINGO3	294.0	1.2	13.16	0.05	1.3e-02	6e-04
811	I_RINGO3	296.3	1.2	13.18	0.05	1.3e-02	5e-04
812	I_RINGO3	298.7	1.2	13.22	0.05	1.2e-02	5e-04
813	I_RINGO3	301.0	1.2	13.22	0.05	1.2e-02	5e-04
814	I_RINGO3	303.4	1.2	13.25	0.05	1.2e-02	5e-04
815	I_RINGO3	305.7	1.2	13.26	0.05	1.2e-02	5e-04
816	I_RINGO3	308.0	1.2	13.33	0.05	1.1e-02	5e-04
817	I_RINGO3	310.4	1.2	13.32	0.05	1.1e-02	5e-04
818	I_RINGO3	312.7	1.2	13.41	0.05	1.0e-02	5e-04
819	I_RINGO3	315.1	1.2	13.32	0.05	1.1e-02	5e-04
820	I_RINGO3	317.4	1.2	13.34	0.05	1.1e-02	5e-04
821	I_RINGO3	319.8	1.2	13.37	0.05	1.1e-02	5e-04
822	I_RINGO3	322.1	1.2	13.39	0.05	1.1e-02	5e-04
823	I_RINGO3	324.5	1.2	13.40	0.05	1.0e-02	5e-04
824	I_RINGO3	326.8	1.2	13.45	0.05	1.0e-02	5e-04
825	I_RINGO3	329.1	1.2	13.39	0.05	1.0e-02	5e-04
826	I_RINGO3	331.5	1.2	13.37	0.05	1.1e-02	5e-04
827	I_RINGO3	335.0	2.4	13.44	0.04	1.0e-02	4e-04
828	I_RINGO3	338.5	1.2	13.47	0.05	9.8e-03	4e-04
829	I_RINGO3	340.9	1.2	13.46	0.05	9.9e-03	5e-04
830	I_RINGO3	343.2	1.2	13.49	0.05	9.7e-03	4e-04
831	I_RINGO3	345.6	1.2	13.50	0.05	9.5e-03	4e-04
832	I_RINGO3	347.9	1.2	13.52	0.05	9.4e-03	4e-04
833	I_RINGO3	350.3	1.2	13.52	0.05	9.4e-03	4e-04
834	I_RINGO3	352.6	1.2	13.48	0.05	9.7e-03	4e-04
835	I_RINGO3	355.0	1.2	13.50	0.05	9.5e-03	4e-04
836	I_RINGO3	357.3	1.2	13.48	0.05	9.8e-03	4e-04
837	I_RINGO3	359.6	1.2	13.56	0.05	9.0e-03	4e-04
838	I_RINGO3	362.0	1.2	13.51	0.05	9.4e-03	4e-04
839	I_RINGO3	364.3	1.2	13.53	0.05	9.3e-03	4e-04
840	I_RINGO3	366.7	1.2	13.54	0.05	9.2e-03	4e-04
841	I_RINGO3	369.0	1.2	13.55	0.05	9.1e-03	4e-04
842	I_RINGO3	371.4	1.2	13.51	0.05	9.5e-03	4e-04
843	I_RINGO3	373.7	1.2	13.63	0.05	8.5e-03	4e-04
844	I_RINGO3	376.1	1.2	13.68	0.05	8.1e-03	4e-04
845	I_RINGO3	378.4	1.2	13.67	0.05	8.2e-03	4e-04
846	I_RINGO3	380.8	1.2	13.64	0.05	8.4e-03	4e-04
847	I_RINGO3	383.1	1.2	13.65	0.05	8.3e-03	4e-04
848	I_RINGO3	385.4	1.2	13.65	0.05	8.3e-03	4e-04
849	I_RINGO3	387.8	1.2	13.78	0.05	7.4e-03	4e-04
850	I_RINGO3	390.1	1.2	13.73	0.05	7.7e-03	4e-04
851	I_RINGO3	392.5	1.2	13.71	0.05	7.9e-03	4e-04
852	I_RINGO3	394.8	1.2	13.74	0.05	7.7e-03	4e-04
853	I_RINGO3	397.2	1.2	13.70	0.05	8.0e-03	4e-04
854	I_RINGO3	399.5	1.2	13.72	0.05	7.8e-03	4e-04
855	I_RINGO3	401.9	1.2	13.65	0.05	8.3e-03	4e-04
856	I_RINGO3	404.2	1.2	13.70	0.05	7.9e-03	4e-04
857	I_RINGO3	408.9	3.5	13.79	0.04	7.3e-03	3e-04
858	I_RINGO3	413.6	1.2	13.84	0.06	7.0e-03	3e-04
859	I_RINGO3	415.9	1.2	13.81	0.06	7.1e-03	4e-04
860	I_RINGO3	418.3	1.2	13.90	0.06	6.6e-03	3e-04
861	I_RINGO3	420.6	1.2	13.85	0.06	6.9e-03	4e-04
862	I_RINGO3	423.0	1.2	13.82	0.06	7.1e-03	4e-04
863	I_RINGO3	425.3	1.2	13.83	0.06	7.1e-03	4e-04
864	I_RINGO3	427.7	1.2	13.83	0.06	7.1e-03	4e-04
865	I_RINGO3	430.0	1.2	13.77	0.05	7.4e-03	4e-04
866	I_RINGO3	432.4	1.2	13.84	0.06	7.0e-03	4e-04
867	I_RINGO3	434.7	1.2	13.80	0.06	7.3e-03	4e-04
868	I_RINGO3	437.1	1.2	13.89	0.06	6.7e-03	3e-04
869	I_RINGO3	439.4	1.2	13.87	0.06	6.8e-03	3e-04
870	I_RINGO3	441.8	1.2	13.86	0.06	6.9e-03	3e-04
871	I_RINGO3	444.1	1.2	13.94	0.06	6.3e-03	3e-04
872	I_RINGO3	446.4	1.2	13.85	0.06	6.9e-03	3e-04
873	I_RINGO3	448.8	1.2	13.99	0.06	6.1e-03	3e-04
874	I_RINGO3	451.1	1.2	13.92	0.06	6.5e-03	3e-04
875	I_RINGO3	453.5	1.2	13.92	0.06	6.5e-03	3e-04
876	I_RINGO3	455.8	1.2	13.91	0.06	6.6e-03	3e-04
877	I_RINGO3	458.2	1.2	13.96	0.06	6.3e-03	3e-04
878	I_RINGO3	460.5	1.2	13.92	0.06	6.5e-03	3e-04
879	I_RINGO3	462.9	1.2	13.86	0.06	6.9e-03	3e-04
880	I_RINGO3	465.2	1.2	13.90	0.06	6.6e-03	3e-04
881	I_RINGO3	467.6	1.2	13.97	0.06	6.2e-03	3e-04
882	I_RINGO3	469.9	1.2	13.91	0.06	6.6e-03	3e-04
883	I_RINGO3	472.2	1.2	13.99	0.06	6.1e-03	3e-04
884	I_RINGO3	474.6	1.2	13.93	0.06	6.4e-03	3e-04
885	I_RINGO3	476.9	1.2	13.94	0.06	6.3e-03	3e-04
886	I_RINGO3	479.3	1.2	13.99	0.06	6.1e-03	3e-04
887	I_RINGO3	481.6	1.2	13.99	0.06	6.1e-03	3e-04
888	I_RINGO3	484.0	1.2	14.04	0.06	5.8e-03	3e-04
889	I_RINGO3	486.3	1.2	13.94	0.06	6.4e-03	3e-04
890	I_RINGO3	488.7	1.2	14.13	0.06	5.4e-03	3e-04
891	I_RINGO3	491.0	1.2	14.05	0.06	5.8e-03	3e-04
892	I_RINGO3	493.4	1.2	14.12	0.06	5.4e-03	3e-04
893	I_RINGO3	495.7	1.2	14.05	0.06	5.8e-03	3e-04
894	I_RINGO3	498.1	1.2	14.12	0.06	5.4e-03	3e-04
895	I_RINGO3	500.4	1.2	14.07	0.06	5.6e-03	3e-04
896	I_RINGO3	502.7	1.2	14.12	0.06	5.4e-03	3e-04
897	I_RINGO3	505.1	1.2	14.11	0.06	5.5e-03	3e-04
898	I_RINGO3	507.4	1.2	14.09	0.06	5.6e-03	3e-04
899	I_RINGO3	509.8	1.2	14.08	0.06	5.6e-03	3e-04
900	I_RINGO3	512.1	1.2	14.03	0.06	5.8e-03	3e-04
901	I_RINGO3	514.5	1.2	14.02	0.06	5.9e-03	3e-04
902	I_RINGO3	516.8	1.2	14.21	0.07	4.9e-03	3e-04
903	I_RINGO3	519.2	1.2	14.05	0.06	5.8e-03	3e-04
904	I_RINGO3	521.5	1.2	14.06	0.06	5.7e-03	3e-04
905	I_RINGO3	523.9	1.2	14.16	0.06	5.2e-03	3e-04
906	I_RINGO3	526.2	1.2	14.15	0.06	5.2e-03	3e-04
907	I_RINGO3	528.5	1.2	14.16	0.06	5.2e-03	3e-04
908	I_RINGO3	530.9	1.2	14.11	0.06	5.5e-03	3e-04
909	I_RINGO3	533.2	1.2	14.13	0.06	5.3e-03	3e-04
910	I_RINGO3	535.6	1.2	14.13	0.06	5.3e-03	3e-04
911	I_RINGO3	539.1	2.4	14.15	0.05	5.2e-03	3e-04
912	I_RINGO3	542.6	1.2	14.15	0.06	5.3e-03	3e-04
913	I_RINGO3	545.0	1.2	14.18	0.06	5.1e-03	3e-04
914	I_RINGO3	547.3	1.2	14.12	0.06	5.4e-03	3e-04
915	I_RINGO3	549.7	1.2	14.22	0.07	4.9e-03	3e-04
916	I_RINGO3	552.0	1.2	14.11	0.06	5.5e-03	3e-04
917	I_RINGO3	554.4	1.2	14.20	0.06	5.0e-03	3e-04
918	I_RINGO3	556.7	1.2	14.24	0.07	4.8e-03	3e-04
919	I_RINGO3	559.0	1.2	14.09	0.06	5.5e-03	3e-04
920	I_RINGO3	561.4	1.2	14.21	0.06	5.0e-03	3e-04
921	I_RINGO3	563.7	1.2	14.11	0.06	5.4e-03	3e-04
922	I_RINGO3	566.1	1.2	14.18	0.06	5.1e-03	3e-04
923	I_RINGO3	568.4	1.2	14.12	0.06	5.4e-03	3e-04
924	I_RINGO3	570.8	1.2	14.20	0.06	5.0e-03	3e-04
925	I_RINGO3	573.1	1.2	14.22	0.07	4.9e-03	3e-04
926	I_RINGO3	575.5	1.2	14.30	0.07	4.6e-03	3e-04
927	I_RINGO3	577.8	1.2	14.31	0.07	4.6e-03	3e-04
928	I_RINGO3	580.1	1.2	14.26	0.07	4.7e-03	3e-04
929	I_RINGO3	582.5	1.2	14.26	0.07	4.8e-03	3e-04
930	I_RINGO3	584.9	1.2	14.21	0.06	5.0e-03	3e-04
931	I_RINGO3	587.2	1.2	14.25	0.07	4.8e-03	3e-04
932	I_RINGO3	590.7	2.4	14.40	0.06	4.2e-03	2e-04
933	I_RINGO3	595.4	2.4	14.30	0.06	4.6e-03	2e-04
934	I_RINGO3	598.9	1.2	14.29	0.07	4.6e-03	3e-04
935	I_RINGO3	601.3	1.2	14.23	0.07	4.9e-03	3e-04
936	I_RINGO3	603.6	1.2	14.30	0.07	4.6e-03	3e-04
937	I_RINGO3	607.1	2.4	14.34	0.06	4.4e-03	2e-04
938	I_RINGO3	611.8	2.4	14.33	0.06	4.4e-03	2e-04
939	I_RINGO3	616.5	2.4	14.29	0.06	4.6e-03	2e-04
940	I_RINGO3	621.2	2.4	14.38	0.06	4.2e-03	2e-04
941	I_RINGO3	625.9	2.4	14.36	0.06	4.3e-03	2e-04
942	I_RINGO3	630.6	2.4	14.40	0.06	4.1e-03	2e-04
943	I_RINGO3	635.3	2.4	14.38	0.06	4.2e-03	2e-04
944	I_RINGO3	640.0	2.4	14.34	0.06	4.4e-03	2e-04
945	I_RINGO3	644.7	2.4	14.38	0.06	4.3e-03	2e-04
946	I_RINGO3	648.2	1.2	14.27	0.07	4.7e-03	3e-04
947	I_RINGO3	651.7	2.4	14.43	0.06	4.0e-03	2e-04
948	I_RINGO3	656.4	2.4	14.44	0.06	4.0e-03	2e-04
949	I_RINGO3	661.1	2.4	14.39	0.06	4.2e-03	2e-04
950	I_RINGO3	664.6	1.2	14.27	0.07	4.7e-03	3e-04
951	I_RINGO3	668.1	2.4	14.37	0.06	4.3e-03	2e-04
952	I_RINGO3	672.8	2.4	14.38	0.06	4.3e-03	2e-04
953	I_RINGO3	677.5	2.4	14.43	0.06	4.1e-03	2e-04
954	I_RINGO3	682.2	2.4	14.43	0.06	4.1e-03	2e-04
955	I_RINGO3	686.9	2.4	14.37	0.06	4.3e-03	2e-04
956	I_RINGO3	691.6	2.4	14.46	0.06	4.0e-03	2e-04
957	I_RINGO3	696.3	2.4	14.43	0.06	4.1e-03	2e-04
958	I_RINGO3	701.0	2.4	14.44	0.06	4.0e-03	2e-04
959	I_RINGO3	705.6	2.4	14.46	0.06	3.9e-03	2e-04
960	I_RINGO3	710.3	2.4	14.49	0.06	3.8e-03	2e-04
961	I_RINGO3	715.0	2.4	14.53	0.06	3.7e-03	2e-04
962	I_RINGO3	719.7	2.4	14.48	0.06	3.9e-03	2e-04
963	I_RINGO3	724.4	2.4	14.53	0.06	3.7e-03	2e-04
964	I_RINGO3	729.1	2.4	14.50	0.06	3.8e-03	2e-04
965	I_RINGO3	733.8	2.4	14.46	0.06	3.9e-03	2e-04
966	I_RINGO3	738.5	2.4	14.48	0.06	3.9e-03	2e-04
967	I_RINGO3	743.2	2.4	14.43	0.06	4.1e-03	2e-04
968	I_RINGO3	747.9	2.4	14.55	0.06	3.6e-03	2e-04
969	I_RINGO3	752.6	2.4	14.57	0.06	3.6e-03	2e-04
970	I_RINGO3	757.3	2.4	14.54	0.06	3.7e-03	2e-04
971	I_RINGO3	762.0	2.4	14.58	0.06	3.5e-03	2e-04
972	I_RINGO3	766.6	2.4	14.59	0.06	3.5e-03	2e-04
973	I_RINGO3	771.3	2.4	14.52	0.06	3.7e-03	2e-04
974	I_RINGO3	776.0	2.4	14.55	0.06	3.6e-03	2e-04
975	I_RINGO3	780.7	2.4	14.62	0.07	3.4e-03	2e-04
976	I_RINGO3	785.4	2.4	14.55	0.06	3.6e-03	2e-04
977	I_RINGO3	790.1	2.4	14.60	0.06	3.5e-03	2e-04
978	I_RINGO3	794.8	2.4	14.64	0.07	3.3e-03	2e-04
979	I_RINGO3	820.6	2.4	14.59	0.06	3.5e-03	2e-04
980	I_RINGO3	825.3	2.4	14.59	0.06	3.5e-03	2e-04
981	I_RINGO3	830.0	2.4	14.60	0.06	3.5e-03	2e-04
982	I_RINGO3	834.7	2.4	14.62	0.06	3.4e-03	2e-04
983	I_RINGO3	839.4	2.4	14.57	0.06	3.6e-03	2e-04
984	I_RINGO3	844.0	2.4	14.62	0.06	3.4e-03	2e-04
985	I_RINGO3	848.7	2.4	14.65	0.07	3.3e-03	2e-04
986	I_RINGO3	853.4	2.4	14.70	0.07	3.2e-03	2e-04
987	I_RINGO3	858.1	2.4	14.69	0.07	3.2e-03	2e-04
988	I_RINGO3	862.8	2.4	14.68	0.07	3.2e-03	2e-04
989	I_RINGO3	868.7	3.5	14.78	0.06	2.9e-03	2e-04
990	I_RINGO3	875.7	3.5	14.68	0.06	3.2e-03	2e-04
991	I_RINGO3	881.6	2.4	14.64	0.07	3.3e-03	2e-04
992	I_RINGO3	887.4	3.5	14.77	0.06	3.0e-03	2e-04
993	I_RINGO3	893.3	2.4	14.69	0.07	3.2e-03	2e-04
994	I_RINGO3	898.0	2.4	14.72	0.07	3.1e-03	2e-04
995	I_RINGO3	903.9	3.5	14.78	0.06	2.9e-03	2e-04
996	I_RINGO3	910.9	3.5	14.86	0.06	2.7e-03	2e-04
997	I_RINGO3	916.8	2.4	14.70	0.07	3.2e-03	2e-04
998	I_RINGO3	922.6	3.5	14.78	0.06	2.9e-03	2e-04
999	I_RINGO3	928.5	2.4	14.71	0.07	3.1e-03	2e-04
1000	I_RINGO3	934.4	3.5	14.81	0.06	2.9e-03	2e-04
1001	I_RINGO3	941.4	3.5	14.84	0.06	2.8e-03	2e-04
1002	I_RINGO3	948.4	3.5	14.85	0.06	2.8e-03	2e-04
1003	I_RINGO3	955.5	3.5	14.75	0.06	3.0e-03	2e-04
1004	I_RINGO3	962.5	3.5	14.83	0.06	2.8e-03	2e-04
1005	I_RINGO3	969.5	3.5	14.84	0.06	2.8e-03	2e-04
1006	I_RINGO3	976.6	3.5	14.88	0.06	2.7e-03	2e-04
1007	I_RINGO3	983.6	3.5	14.92	0.07	2.6e-03	2e-04
1008	I_RINGO3	991.8	4.7	14.92	0.06	2.6e-03	1e-04
1009	I_RINGO3	1000.0	3.5	14.86	0.06	2.7e-03	2e-04
1010	I_RINGO3	1007.1	3.5	14.95	0.07	2.5e-03	2e-04
1011	I_RINGO3	1014.1	3.5	14.90	0.07	2.6e-03	2e-04
1012	I_RINGO3	1021.1	3.5	14.88	0.06	2.7e-03	2e-04
1013	I_RINGO3	1028.2	3.5	14.87	0.06	2.7e-03	2e-04
1014	I_RINGO3	1035.2	3.5	14.85	0.06	2.8e-03	2e-04
1015	I_RINGO3	1043.4	4.7	14.96	0.06	2.5e-03	1e-04
1016	I_RINGO3	1051.6	3.5	14.88	0.06	2.7e-03	2e-04
1017	I_RINGO3	1059.8	4.7	15.00	0.06	2.4e-03	1e-04
1018	I_RINGO3	1068.0	3.5	14.92	0.07	2.6e-03	2e-04
1019	I_RINGO3	1075.1	3.5	14.85	0.06	2.7e-03	2e-04
1020	I_RINGO3	1083.3	4.7	15.02	0.06	2.4e-03	1e-04
1021	I_RINGO3	1092.7	4.7	15.00	0.06	2.4e-03	1e-04
1022	I_RINGO3	1100.9	3.5	14.97	0.07	2.5e-03	2e-04
1023	I_RINGO3	1107.9	3.5	14.97	0.07	2.5e-03	2e-04
1024	I_RINGO3	1115.0	3.5	14.89	0.06	2.7e-03	2e-04
1025	I_RINGO3	1123.2	4.7	15.04	0.06	2.3e-03	1e-04
1026	I_RINGO3	1132.6	4.7	15.05	0.06	2.3e-03	1e-04
1027	I_RINGO3	1140.8	3.5	14.97	0.07	2.5e-03	2e-04
1028	I_RINGO3	1147.8	3.5	14.96	0.07	2.5e-03	2e-04
1029	I_RINGO3	1156.0	4.7	15.07	0.07	2.2e-03	1e-04
1030	I_RINGO3	1164.2	3.5	14.96	0.07	2.5e-03	2e-04
1031	I_RINGO3	1172.4	4.7	15.04	0.06	2.3e-03	1e-04
1032	I_RINGO3	1181.8	4.7	15.13	0.07	2.1e-03	1e-04
1033	I_RINGO3	1191.2	4.7	15.03	0.06	2.3e-03	1e-04
1034	I_RINGO3	1200.6	4.7	15.08	0.07	2.2e-03	1e-04
1035	I_RINGO3	1210.0	4.7	15.09	0.07	2.2e-03	1e-04
1036	I_RINGO3	1219.3	4.7	15.06	0.07	2.3e-03	1e-04
1037	I_RINGO3	1228.7	4.7	15.12	0.07	2.2e-03	1e-04
1038	I_RINGO3	1239.3	5.9	15.13	0.06	2.1e-03	1e-04
1039	I_RINGO3	1249.8	4.7	15.07	0.07	2.2e-03	1e-04
1040	I_RINGO3	1260.4	5.9	15.17	0.06	2.1e-03	1e-04
1041	I_RINGO3	1273.3	7.0	15.23	0.06	1.9e-03	1e-04
1042	I_RINGO3	1286.2	5.9	15.19	0.06	2.0e-03	1e-04
1043	I_RINGO3	1296.8	4.7	15.14	0.07	2.1e-03	1e-04
1044	I_RINGO3	1306.1	4.7	15.06	0.06	2.3e-03	1e-04
1045	I_RINGO3	1315.5	4.7	15.13	0.07	2.1e-03	1e-04
1046	I_RINGO3	1324.9	4.7	15.07	0.07	2.2e-03	1e-04
1047	I_RINGO3	1335.5	5.9	15.16	0.06	2.1e-03	1e-04
1048	I_RINGO3	1347.2	5.9	15.20	0.07	2.0e-03	1e-04
1049	I_RINGO3	1357.7	4.7	15.09	0.07	2.2e-03	1e-04
1050	I_RINGO3	1367.1	4.7	15.08	0.07	2.2e-03	1e-04
1051	I_RINGO3	1377.7	5.9	15.16	0.06	2.1e-03	1e-04
1052	I_RINGO3	1389.4	5.9	15.19	0.07	2.0e-03	1e-04
1053	I_RINGO3	1404.7	9.4	15.25	0.06	1.9e-03	1e-04
1054	I_RINGO3	1441.0	5.9	15.20	0.07	2.0e-03	1e-04
1055	I_RINGO3	1452.7	5.9	15.25	0.07	1.9e-03	1e-04
1056	I_RINGO3	1464.5	5.9	15.25	0.07	1.9e-03	1e-04
1057	I_RINGO3	1477.4	7.0	15.35	0.07	1.7e-03	1e-04
1058	I_RINGO3	1490.3	5.9	15.26	0.07	1.9e-03	1e-04
1059	I_RINGO3	1503.2	7.0	15.36	0.07	1.7e-03	1e-04
1060	I_RINGO3	1517.2	7.0	15.35	0.07	1.7e-03	1e-04
1061	I_RINGO3	1530.1	5.9	15.23	0.07	1.9e-03	1e-04
1062	I_RINGO3	1543.0	7.0	15.30	0.07	1.8e-03	1e-04
1063	I_RINGO3	1557.1	7.0	15.35	0.07	1.7e-03	1e-04
1064	I_RINGO3	1572.4	8.2	15.43	0.07	1.6e-03	1e-04
1065	I_RINGO3	1586.4	5.9	15.25	0.07	1.9e-03	1e-04
1066	I_RINGO3	1599.3	7.0	15.30	0.06	1.8e-03	1e-04
1067	I_RINGO3	1618.1	11.7	15.45	0.06	1.6e-03	9e-05
1068	I_RINGO3	1636.9	7.0	15.39	0.07	1.7e-03	1e-04
1069	I_RINGO3	1650.9	7.0	15.37	0.07	1.7e-03	1e-04
1070	I_RINGO3	1667.3	9.4	15.48	0.07	1.5e-03	9e-05
1071	I_RINGO3	1683.8	7.0	15.33	0.07	1.8e-03	1e-04
1072	I_RINGO3	1697.8	7.0	15.30	0.07	1.8e-03	1e-04
1073	I_RINGO3	1713.1	8.2	15.46	0.07	1.6e-03	1e-04
1074	I_RINGO3	1730.7	9.4	15.52	0.07	1.5e-03	9e-05
1075	I_RINGO3	1748.3	8.2	15.46	0.07	1.6e-03	1e-04
1076	I_RINGO3	1764.7	8.2	15.44	0.07	1.6e-03	1e-04
1077	I_RINGO3	1782.3	9.4	15.48	0.07	1.5e-03	9e-05
1078	I_RINGO3	1801.1	9.4	15.50	0.07	1.5e-03	9e-05
1079	I_RINGO3	1823.3	12.9	15.41	0.06	1.6e-03	9e-05
1080	I_RINGO3	1845.6	9.4	15.52	0.07	1.5e-03	9e-05
1081	I_RINGO3	1864.4	9.4	15.50	0.07	1.5e-03	9e-05
1082	I_RINGO3	1883.2	9.4	15.47	0.07	1.6e-03	9e-05
1083	I_RINGO3	1901.9	9.4	15.47	0.07	1.6e-03	9e-05
1084	I_RINGO3	1920.7	9.4	15.51	0.07	1.5e-03	9e-05
1085	I_RINGO3	1943.0	12.9	15.65	0.07	1.3e-03	8e-05
1086	I_RINGO3	1968.8	12.9	15.61	0.06	1.4e-03	8e-05
1087	I_RINGO3	1992.2	10.6	15.60	0.07	1.4e-03	8e-05
1088	I_RINGO3	2016.8	14.1	15.69	0.06	1.3e-03	8e-05
1089	I_RINGO3	2357.1	30.5	15.76	0.05	1.2e-03	6e-05
1090	I_RINGO3	2418.1	30.5	15.87	0.05	1.1e-03	5e-05
1091	I_RINGO3	2478.9	29.3	15.96	0.06	9.9e-04	5e-05
1092	I_RINGO3	2537.7	30.5	15.97	0.06	9.8e-04	5e-05
1093	I_RINGO3	2598.6	29.3	15.97	0.06	9.8e-04	5e-05
1094	I_RINGO3	2657.3	30.5	15.94	0.06	1.0e-03	5e-05
1095	I_RINGO3	2718.3	30.5	15.91	0.05	1.0e-03	5e-05
1096	I_RINGO3	2779.2	29.3	16.03	0.06	9.3e-04	5e-05
1097	I_RINGO3	2837.9	30.5	16.03	0.06	9.3e-04	5e-05
1098	I_RINGO3	2898.3	26.7	16.04	0.06	9.2e-04	5e-05
1099	I_RINGO3	2974.0	30.5	16.08	0.06	8.8e-04	5e-05
1100	I_RINGO3	3035.0	30.5	16.06	0.06	9.0e-04	5e-05
1101	I_RINGO3	3095.8	29.3	16.08	0.06	8.9e-04	5e-05
1102	I_RINGO3	3154.6	30.5	16.08	0.06	8.8e-04	5e-05
1103	I_RINGO3	3215.4	29.3	16.11	0.06	8.7e-04	5e-05
1104	I_RINGO3	3274.2	30.5	16.12	0.06	8.5e-04	5e-05
1105	I_RINGO3	3335.2	30.5	16.06	0.06	9.1e-04	5e-05
1106	I_RINGO3	3396.0	29.3	16.10	0.06	8.7e-04	5e-05
1107	I_RINGO3	3454.8	30.5	16.15	0.06	8.3e-04	5e-05
1108	I_RINGO3	3515.4	27.0	16.09	0.06	8.8e-04	5e-05
1109	I_RINGO3	3649.5	30.5	16.22	0.06	7.8e-04	5e-05
1110	I_RINGO3	3710.5	30.5	16.11	0.06	8.6e-04	5e-05
1111	I_RINGO3	3771.3	29.3	16.18	0.06	8.1e-04	5e-05
1112	I_RINGO3	3830.1	30.5	16.22	0.06	7.8e-04	5e-05
1113	I_RINGO3	3890.9	29.3	16.10	0.06	8.7e-04	5e-05
1114	I_RINGO3	3949.7	30.5	16.25	0.06	7.6e-04	4e-05
1115	I_RINGO3	4010.7	30.5	16.11	0.06	8.6e-04	5e-05
1116	I_RINGO3	4071.5	29.3	16.28	0.07	7.4e-04	5e-05
1117	I_RINGO3	4130.3	30.5	16.19	0.06	8.0e-04	5e-05
1118	I_RINGO3	4190.7	26.8	16.14	0.06	8.4e-04	5e-05
1119	I_RINGO3	4266.4	30.5	16.25	0.06	7.6e-04	4e-05
1120	I_RINGO3	4327.3	30.5	16.26	0.06	7.5e-04	4e-05
1121	I_RINGO3	4417.6	59.8	16.39	0.06	6.7e-04	4e-05
1122	I_RINGO3	4537.2	59.8	16.47	0.06	6.2e-04	4e-05
1123	I_RINGO3	4657.9	59.8	16.46	0.06	6.2e-04	4e-05
1124	I_RINGO3	4777.2	57.5	16.61	0.07	5.5e-04	3e-05
1125	I_RINGO3	4916.0	61.0	16.57	0.06	5.6e-04	3e-05
1126	I_RINGO3	5066.8	89.1	16.43	0.06	6.5e-04	3e-05
1127	I_RINGO3	5216.2	61.0	16.49	0.06	6.1e-04	3e-05
1128	I_RINGO3	5337.0	59.8	16.50	0.06	6.0e-04	3e-05
1129	I_RINGO3	5588.6	176.6	16.54	0.05	5.8e-04	3e-05
1130	I_RINGO3	5830.7	61.0	16.61	0.07	5.4e-04	3e-05
1131	I_RINGO3	5951.5	59.8	16.60	0.07	5.5e-04	3e-05
1132	I_RINGO3	6112.2	88.7	16.69	0.06	5.1e-04	3e-05
1133	I_RINGO3	6298.1	89.1	16.73	0.06	4.9e-04	3e-05
1134	I_RINGO3	6477.9	90.3	16.70	0.06	5.0e-04	3e-05
1135	I_RINGO3	6696.1	118.9	16.78	0.06	4.6e-04	3e-05
1136	I_RINGO3	6914.9	89.1	16.73	0.06	4.9e-04	3e-05
1137	I_RINGO3	7154.4	148.2	16.83	0.06	4.5e-04	3e-05
